load_24_ph_3,load_4_ph_3,load_1_ph_3,load_12_ph_1,load_29_ph_2,load_20_ph_2,load_2_ph_1,load_6_ph_1,load_25_ph_2,load_23_ph_1,load_22_ph_3,load_11_ph_1,load_13_ph_2,load_5_ph_2,load_15_ph_1,load_27_ph_3,load_28_ph_1,load_16_ph_2,load_14_ph_3,load_21_ph_3,load_7_ph_1,load_8_ph_3,load_26_ph_2,load_17_ph_2,load_10_ph_1,load_19_ph_1,load_9_ph_2,load_18_ph_3,load_30_ph_1,load_3_ph_1,scenario_id,time_step
-1.050978660527323,-1.0478659391555583,-1.0514363610644029,-0.0011640754383982794,1.039658795156048,1.044599044856703,-0.0030240119100911674,-0.0013920626410324176,1.040244680302954,-0.0025807665980664717,-1.0511153404196911,-0.0030609299964330025,1.039187082430021,1.0448953611925544,-0.0025655480895661327,-1.0497356666980266,-0.0025525787217673965,1.0394738319853225,-1.0483606071919631,-1.0485302705438688,-0.0002849749787281194,-1.0510463360983229,1.043038582260843,1.0402053298712068,-0.0028763416369313407,-0.0006928895148510934,1.0440706467155514,-1.0494337518075125,-0.0020342334085165165,-0.0004001547628258702,1.0,1.0
-1.0511990826151072,-1.0476792389345673,-1.0515225161392867,-0.0009709986855787011,1.0405194046517463,1.0447010364846077,-0.0019488978424528317,-0.000992520665613109,1.0410391623646658,-0.0018073520568300614,-1.0513266777684416,-0.0019972658200583314,1.0403447329340358,1.0444238876032428,-0.0017943459499949526,-1.049856524438313,-0.0017929777957431396,1.0404214310316533,-1.0483980953652856,-1.0489152341660237,-0.00023533101342972264,-1.0513077697844033,1.0430752177442784,1.0408410814998854,-0.0019355069582225404,-0.0005759906469145331,1.0439408262311982,-1.0497603627521674,-0.0011446449284520657,-0.0003647026422930647,1.0,54.0
-1.0503988872169594,-1.0475243133160033,-1.0504058022003584,-0.0016800236066845753,1.0417508695572117,1.0449454557668634,-0.004208949602761552,-0.0019364773536801382,1.0421471968746898,-0.003516638559251318,-1.0503608570985408,-0.004171989403734768,1.0416644595173823,1.0450544634352001,-0.003308266143482066,-1.0493919552293995,-0.0033137552627884592,1.041659507058077,-1.0484283300609472,-1.0483936395608198,-0.00039396211445943605,-1.050339759547126,1.0435626204616826,1.042124411585261,-0.003781321092180752,-0.0009397454276580026,1.0442477381448148,-1.0490650119612637,-0.0038887507609623195,-0.0006116490756289041,1.0,101.0
-1.0508130978874348,-1.0474644621019449,-1.0508137425630193,-0.000806529402539923,1.0412536891280033,1.044877773507246,-0.0025708797918812163,-0.0009659942687433966,1.041730927270118,-0.002247756904679817,-1.0508050939653804,-0.0025169802221619523,1.041183832590657,1.0453657045507887,-0.002056440116979604,-1.0496044904919504,-0.0020497131352304886,1.0411896219036862,-1.0487100024660543,-1.0487128450201082,-0.00023296817326490176,-1.05082112272434,1.043411144949011,1.0415430904133176,-0.002368036168065235,-0.0005304788166696031,1.0437975150572645,-1.049432634634977,-0.001924945766979056,-0.000311055844821664,1.0,41.0
-1.0513465784374008,-1.0480269730335936,-1.0512291624933283,-0.0010129358686674778,1.0407113128564132,1.0443874165480092,-0.0028176529478010012,-0.001315873524122979,1.0412308625113345,-0.0025992146761417887,-1.0512599159272638,-0.0028195884105825493,1.0404589159613244,1.0446858859246086,-0.002340291116827979,-1.0499618958898247,-0.0023260113125697845,1.0405454742607707,-1.0489652028821026,-1.049079542664359,-0.00026340940107730736,-1.0513137043377836,1.0434516978228834,1.0410748381635286,-0.002605418903232793,-0.0006842428848692847,1.044233384386914,-1.0495871145340787,-0.002178413236841676,-0.00039630587163160853,1.0,65.0
-1.0505175498597856,-1.0478186259773064,-1.0507178861077013,-0.0014097976933616408,1.0412318326683137,1.044761908260365,-0.002961867044161349,-0.0012736415878081843,1.0417687382305831,-0.002453384380241081,-1.0505896452893846,-0.0029961343634043298,1.0409599147402937,1.0453533215927864,-0.0023991710254408164,-1.0494720507789363,-0.0023850295333009692,1.041044201723241,-1.0480126187909355,-1.0486236566611107,-0.0003033776143919597,-1.0504823173162745,1.0437143794997814,1.0415711291634537,-0.002729822076487681,-0.000842063079088472,1.0443929071731344,-1.0492992963542513,-0.0014270396257416358,-0.0004500465755024207,1.0,168.0
-1.051406553451907,-1.047423230610284,-1.051514647663159,-0.0012585625616537823,1.0410798208511902,1.044769912054235,-0.0026508571738713244,-0.0011528954263473731,1.041347467957961,-0.0022864882444233628,-1.0515343481522805,-0.0026516518810867926,1.0408507720994826,1.0447086601807702,-0.0022002302362582517,-1.0500770502171715,-0.002185081491592994,1.041078790425331,-1.0488535850050438,-1.0489371731015333,-0.00027007642725053563,-1.0515905668853551,1.0433629984536277,1.041395875695954,-0.002471875885508856,-0.0005827893523917664,1.0436593999503296,-1.0497977496966417,-0.00235014182667846,-0.00039461969570581004,1.0,159.0
-1.051229117142563,-1.0478979378619115,-1.0516737196564199,-0.0009379839993462393,1.0407116395243892,1.0445970789241774,-0.0024019012250786173,-0.001023499196494974,1.0413547716600426,-0.0019502468316627568,-1.051448832966063,-0.00231619939663525,1.0404196804423318,1.0450135499567057,-0.0020464745325948167,-1.0499843516852974,-0.0020540386251819017,1.0405166355573545,-1.048820629051582,-1.0490129696793253,-0.000228420297297476,-1.0514153213281678,1.0435482286426812,1.0411539190296042,-0.002146386419690596,-0.0005198290292948607,1.0442890737803012,-1.0496309076212818,-0.0019406759978418354,-0.0003291800371231938,1.0,190.0
-1.051015924488025,-1.0474580902904536,-1.0512582004708173,-0.0025925770550534267,1.0427291804037708,1.0452306303271464,-0.00590205233887524,-0.0022671300576792997,1.042983154214538,-0.00509751964264789,-1.0510144159901949,-0.005875535759138129,1.042689477801273,1.045178565461118,-0.004513177733210689,-1.0496258544740826,-0.004521450463462234,1.0427305378969869,-1.0481378891756943,-1.0484761136955913,-0.0004890473289721533,-1.0510842055915781,1.0443214862051555,1.0429474102075444,-0.005408586580255568,-0.0012259013920830788,1.0451563858167947,-1.0492469380672467,-0.0053314918450150664,-0.000728318622773587,1.0,88.0
-1.0519365360508457,-1.0471714303828312,-1.051842294409268,-0.002289746415980624,1.0420481660835041,1.0451187955183419,-0.005423740151064229,-0.0022599093738633245,1.0423741302753324,-0.005048352696594047,-1.0518359215245463,-0.00534049212629105,1.042082928446485,1.0449895107462928,-0.004311237058791936,-1.0501738743755133,-0.004308011268615007,1.0420924437582562,-1.0490272940533032,-1.0487892700044197,-0.0005681647773793107,-1.0518460385350898,1.0439405633088399,1.042481974166547,-0.0050717516422619955,-0.0012455859887136713,1.0449040236954314,-1.0498331631644078,-0.004412189338561842,-0.0007050967713343429,1.0,26.0
-1.0494493372906768,-1.04719728339376,-1.0496053295243546,-0.001030831713522951,1.041382122692891,1.044708273946358,-0.0027161276173221904,-0.0010880444274672374,1.0418868620124107,-0.002161564404924974,-1.049626643696301,-0.002721238343617131,1.0412927039056667,1.044922177994448,-0.0022095511620731905,-1.048819857268936,-0.0022092494858960334,1.0413730394161829,-1.0476331492488935,-1.048082380734584,-0.00025853115392038647,-1.0495733592918575,1.0430487979483187,1.04170154242277,-0.002513448950360072,-0.0006254624813947059,1.0441994730836788,-1.0486213662622383,-0.002213688516578541,-0.00038662969898718214,1.0,77.0
-1.0507922820195192,-1.048004898183329,-1.051067144263717,-0.00197655033241711,1.0418085356827291,1.0449424556810725,-0.00345606436609692,-0.0015898515736786519,1.0423794869441196,-0.0032173851528338833,-1.0509048244678703,-0.0034565932588642547,1.0418760419458848,1.045630737199442,-0.00290218707492938,-1.0496271530892551,-0.0029091167685259254,1.0418514373415317,-1.0485470178568792,-1.0488844796882113,-0.00033020619636469094,-1.0510731343550919,1.044111227970532,1.0421833598249401,-0.0032594819264510524,-0.0008001855073614513,1.0443855195492477,-1.049376178012046,-0.002454255261213642,-0.0004693265347986122,1.0,24.0
-1.05038886556979,-1.0470436365707378,-1.0502126723991168,-0.0024171769515234087,1.0429019131826593,1.045440670399769,-0.004974091078818431,-0.0020065446253890716,1.0432712949933836,-0.004471105115641079,-1.050262435861023,-0.004975370994856592,1.0429396414002348,1.0460829697753284,-0.0038543235749307334,-1.0491255243777327,-0.0038556552505373347,1.0429587834177452,-1.0481468044834543,-1.0482850807494288,-0.00042130132370110657,-1.0502165281300986,1.0447515263050782,1.0430908958708283,-0.0045097086904392425,-0.001095611182889904,1.0452354885683104,-1.0489235137951545,-0.004144453620202169,-0.0006626390795329526,1.0,23.0
-1.0505281209749076,-1.0479328772290264,-1.0508024831350107,-0.0016655563410273696,1.041085115509819,1.0445963747897016,-0.004344563211544212,-0.001620301327762349,1.0414350742061187,-0.004031319023080748,-1.050731432972893,-0.004244746790379942,1.0408313855716438,1.0443819047844003,-0.0034029321004941378,-1.049758192732651,-0.0034018829299908102,1.0409328991300966,-1.0491219307881088,-1.0489293348443893,-0.0003466350127418358,-1.0507913878075734,1.0432281716602163,1.0415083764116357,-0.003869140602865731,-0.0008585909306449135,1.043682103327215,-1.0495583132387956,-0.002946896450245978,-0.0005516928397833015,1.0,160.0
-1.0505217362599581,-1.0479544134456675,-1.0508164086865066,-0.0020290381066254523,1.0423213225274188,1.045220838334632,-0.004551697791414305,-0.0021565159140063206,1.0425756306789713,-0.0035340134229300975,-1.0507339450642061,-0.00462149203477379,1.0423028448462606,1.045055486407454,-0.003697405047019749,-1.0495767532732543,-0.0037070069142796963,1.0422841628446147,-1.048246520420446,-1.04859708924879,-0.00042861316605629984,-1.0508347100402438,1.0442768157619369,1.042539683268334,-0.004316542183060845,-0.0011808323174432292,1.0450112234889553,-1.0494012205929582,-0.0036337374962194077,-0.0006333529297300773,1.0,149.0
-1.050021967406296,-1.0478219045548895,-1.050147837025733,-0.0011504271212954519,1.0413917193294675,1.0447171537233424,-0.0027275504180570933,-0.0012302748578275713,1.04182278633652,-0.0022925454473010994,-1.0501247062767933,-0.0027647920790635247,1.0413044251875405,1.0449980364886329,-0.002372782682794481,-1.0491581871587958,-0.002371454305082861,1.0413863677629103,-1.0478928919335113,-1.0485598905884588,-0.0002831828612138266,-1.0500182239269893,1.0436484148766367,1.0418830921013513,-0.0025693555353703892,-0.000720789635065498,1.0444986660498226,-1.0490901653125861,-0.001985240756480187,-0.0004463181646538723,1.0,59.0
-1.0507964139776225,-1.0477141037311974,-1.0506689655553934,-0.0015860940526862958,1.041682260021766,1.044896056852033,-0.003272612217343308,-0.0015099593154647049,1.042156746087195,-0.0030540236270098385,-1.0506789125779978,-0.0033017179483813,1.0417200005076526,1.0453339056287487,-0.0028986902649676327,-1.049497207886326,-0.002888009395677239,1.0416141495370779,-1.0488041676894941,-1.0485252642746725,-0.0003332888043627044,-1.0506964555443679,1.0436248113987827,1.0419874658551407,-0.003148311252220817,-0.0008593433589073721,1.0446759659609377,-1.0493168182983657,-0.002470063826391966,-0.0005392595924385692,1.0,184.0
-1.0498228279672532,-1.04700824185407,-1.0500291106106592,-0.00045663691938305185,1.0406101276914137,1.044487324528841,-0.0019330688876640384,-0.000887474414418699,1.041129565500758,-0.0016418691590650769,-1.0499795496152204,-0.0019524024468579905,1.040559448064027,1.0444402284647036,-0.001623264670068346,-1.0490227169333397,-0.0016099562787874307,1.0403891737017132,-1.0476475863362824,-1.0482743184604435,-0.00020706666428499835,-1.0498752056472411,1.0428106041525973,1.0409829725819015,-0.0018298960848532266,-0.0005929280293593553,1.0437304960279792,-1.0488348629257875,-0.0016295962921282253,-0.0003355056848582282,1.0,43.0
-1.0500022805554696,-1.0473835412828991,-1.0502881827404875,-0.0020358148449077323,1.0415886854467173,1.0450335681184182,-0.0037675244009578337,-0.001742342319613711,1.0419625733471767,-0.0033807171690979983,-1.0502000864128456,-0.0037318352246108032,1.041611158436614,1.0451942797298663,-0.00317287513221939,-1.0492046482554251,-0.003165272766518064,1.041582318884767,-1.048065181570041,-1.0482836222445102,-0.0003633592895119113,-1.0500861774374448,1.0437957148455583,1.0420472217692738,-0.003517866605112191,-0.000914158587187488,1.044515826021584,-1.048892894379015,-0.002877192857811095,-0.0005559463050937248,1.0,122.0
-1.0498811971428823,-1.0474487845894997,-1.05002508697435,-0.001958321741979533,1.0421372782074736,1.0450460130619097,-0.005025494817851387,-0.0019431021722955985,1.0426069075225826,-0.004473241585392161,-1.0500273288689301,-0.004936338470593097,1.0419005787996158,1.0448838943221401,-0.0037371235502054634,-1.0490586651124074,-0.003718527155870399,1.0420792351848653,-1.048095843070478,-1.0484115483374064,-0.00040072281817113127,-1.050082434081347,1.0442333353474014,1.042567768987732,-0.004469335473473034,-0.0009825731265698764,1.044756396190977,-1.0488659366805533,-0.004393938818675083,-0.0005734161456375977,1.0,175.0
-1.0510401434877457,-1.0479827395425712,-1.051365354038083,-0.0010716361934123419,1.0419277504529656,1.0452267476368244,-0.00292371471509512,-0.0012389859724775494,1.0423613960246378,-0.002598999841962276,-1.0511987981170314,-0.003007670321942672,1.0417977044949893,1.045388801341397,-0.002481719091150706,-1.049908427945549,-0.002478709116767291,1.04183618727756,-1.048863283542692,-1.0487792558063218,-0.00027718232058289,-1.0512104764835264,1.0442486448311714,1.0423695610494699,-0.002819065921164122,-0.0006793068688960341,1.0447545601318053,-1.0495837844079692,-0.0020560525122025556,-0.00038818684620869583,1.0,39.0
-1.0501362612556233,-1.0473697948499037,-1.0501846945218436,-0.003027111995568153,1.0419177050991386,1.0448480446754826,-0.006079049053324097,-0.002581864082047666,1.042410003433133,-0.005533541896027415,-1.0502060284167307,-0.006090315954669586,1.0417256062525224,1.0447107072018835,-0.004862326604246205,-1.049314615084251,-0.00487903334524665,1.0419015486908443,-1.0485681858242137,-1.0485761425831546,-0.00053237138880604,-1.0501401933107846,1.043729236636135,1.0423443010598699,-0.005986600448718714,-0.0013091017869190072,1.0445182110167286,-1.049046090755783,-0.00497574698536335,-0.000760030524311561,1.0,143.0
-1.0504751554001968,-1.0476254590986411,-1.0506446401767113,-0.0007783823675379835,1.040473198766077,1.0445699676349323,-0.002612158543140779,-0.0010709572317253405,1.041100874873144,-0.0022024420562420754,-1.0505726849687744,-0.0026268410708563433,1.0401885954940697,1.044571541529116,-0.0021143812579229523,-1.0493761903212404,-0.0021181931916582067,1.0403632401712806,-1.0480589500622732,-1.0484120658049279,-0.00023911883279024074,-1.0506845565499217,1.0432631557959997,1.0408400631617871,-0.0023896883586836254,-0.0005433258502124934,1.0439227698232578,-1.0491578040468577,-0.0016103930192587353,-0.0003750674838224141,1.0,112.0
-1.0500309937347547,-1.0475141221887334,-1.050393641879185,-0.0019192084391281047,1.0414087171831226,1.0449685788823293,-0.0032510886318364053,-0.001599808343157296,1.0418943007695434,-0.0028321452972394088,-1.0502240296777179,-0.003193055438179501,1.041348952849888,1.044672291947199,-0.0025970104394903394,-1.0491158452864386,-0.002582892307266725,1.0414034949249178,-1.048091059682193,-1.0483780038393806,-0.0003220409270177675,-1.0500829540660044,1.0439333287606336,1.0416081456454627,-0.002944017986631879,-0.0008805767086248906,1.044334602968486,-1.0489630016022315,-0.0029747495316048964,-0.0004983806300929522,1.0,34.0
-1.050385062374223,-1.0480731923596602,-1.0504124153746799,-0.0017716615961221901,1.0419939536037095,1.0448434893432141,-0.003745632546524541,-0.0016052777109705591,1.0424092481007134,-0.003471690778310778,-1.0504108465084097,-0.0037067237814572165,1.0419033842971246,1.0453847286845888,-0.003027570756891698,-1.04944975133504,-0.00303152752027825,1.0419471447528537,-1.0486955494977055,-1.0487354427675726,-0.0003213741660079469,-1.050274286537261,1.0438573224950134,1.0423510029213783,-0.003481368900714709,-0.0008162999577907015,1.0442146991444003,-1.0493616000975183,-0.003033980977446041,-0.0004917909191994873,1.0,137.0
-1.050277839994821,-1.0476092179575711,-1.0504245771858531,-0.0019280845219905366,1.042342594515557,1.0449259645419848,-0.003682264964842479,-0.0017972073231552256,1.0427297564638254,-0.0034921117594194835,-1.050305980659777,-0.003652941193796211,1.0422594818666997,1.0455602524853116,-0.0031619260896531658,-1.0493059205156186,-0.003153856305623621,1.0423826566725871,-1.0481920733105279,-1.0484344836500363,-0.0003851154461959266,-1.0502154029054402,1.044224999781921,1.0426243146557914,-0.0034770352945969495,-0.001021467918627744,1.0444634221408897,-1.049093921158861,-0.003301957885221573,-0.0005597832756031555,1.0,55.0
-1.0515633145574184,-1.047966157192775,-1.0518782039837073,-0.0008597706416065841,1.040014696131244,1.0436213264865266,-0.0024506755397822513,-0.0011218851081133375,1.040585518291658,-0.002213303103123979,-1.0517671878026518,-0.0025006716246179245,1.0396498424658112,1.044061654142321,-0.002142418406968913,-1.0501196955551355,-0.0021351527052010564,1.0399032504866499,-1.0486883677544017,-1.0488745385365734,-0.00040531360938199595,-1.0516151822124609,1.0422594581346787,1.0405497829844919,-0.0024007183818033646,-0.00070765376859727,1.043444503657754,-1.04990465945649,-0.00167395324260471,-0.0007803362207528589,1.0,17.0
-1.0509465449809425,-1.0478189517965777,-1.05118477639072,-0.0017838389677008962,1.0416242813269003,1.0447604455952826,-0.003222011687111074,-0.0015200976213388762,1.0421547000393294,-0.002883405324686938,-1.0511820267515848,-0.003262173973137532,1.0415808295415514,1.0450407594269888,-0.0028201173168464033,-1.0498497928159582,-0.0028310085201535876,1.0415837506659686,-1.0483036434013127,-1.0487936174440895,-0.0004103883742432843,-1.051144563920029,1.0436355601842917,1.0420513637316704,-0.003043979681027009,-0.0008720078056453377,1.044229590911092,-1.049545333860908,-0.0028462915174827866,-0.00046664156020917506,1.0,9.0
-1.051412824804336,-1.0477829253862687,-1.0516599767676547,-0.00230657651313529,1.041491223533822,1.0447985177459915,-0.0053243321770659185,-0.0023817007660696375,1.0417904722810734,-0.0047960524395008405,-1.0514010968065195,-0.0053473155212234785,1.0412541278806824,1.0449821992641275,-0.00424506855811664,-1.050113232509842,-0.0042387229119251555,1.0414770747721713,-1.0490017989486988,-1.0492484181972512,-0.0004815529102288546,-1.0512970570569207,1.043207444530974,1.0418766335728251,-0.005050964507218631,-0.0011825677338366844,1.0443509744347337,-1.0500416551213527,-0.004325769241130266,-0.0007345619351824016,1.0,172.0
-1.0502737924872272,-1.0475193978863342,-1.0505679798086651,-0.0016014660156599657,1.0408221092698167,1.0443374093262479,-0.003720427161744486,-0.0017209822353610503,1.041279121450307,-0.0033971127995758113,-1.0504041191662097,-0.0035918960070288027,1.0407539159086705,1.044804938836144,-0.0029886960446959526,-1.0492411590523438,-0.002999330531098316,1.0407683655718318,-1.0480315588389955,-1.0484243794501642,-0.0003464022053558804,-1.0503824767497159,1.0423508425099894,1.0412370980611745,-0.003384379779773964,-0.0008775334335224137,1.0433671708677204,-1.0489886638287165,-0.0026962418151063373,-0.0005060732876501873,1.0,12.0
-1.0511537094126584,-1.0476401930733392,-1.0512318486852703,-0.0010043162248851223,1.041834097351417,1.0447785240396386,-0.0024694838742421684,-0.0011417529540584058,1.0422787571973682,-0.0020481172803282995,-1.05115071775976,-0.0024394809772902257,1.0418660333300906,1.0452766222091725,-0.0020293876109247935,-1.0498622760166054,-0.0020328940383227885,1.0418306737985712,-1.0491556234231636,-1.048724880172856,-0.00022327536512899214,-1.051139688172688,1.0434112099240296,1.0422025433653135,-0.002203375730804213,-0.0005329457192310515,1.0441261625673008,-1.0496303705199417,-0.001641451145357989,-0.00031854098247053616,1.0,192.0
-1.0509088583764803,-1.0474071038064774,-1.0512052590000116,-0.0024395671624908516,1.0416565803837066,1.0450389987728885,-0.004896123096446622,-0.002403324387745779,1.042120454704541,-0.0036924789807836755,-1.0510407631829415,-0.004938951035968447,1.041573824374904,1.0450023599488871,-0.003945394285882765,-1.0496941375917728,-0.003942849202405058,1.0416086653191938,-1.0483998960026482,-1.0488777230408302,-0.000491195400788424,-1.0509997843979344,1.0435803067881089,1.0420160653962283,-0.004581614832285075,-0.00124808950807692,1.0444427287444416,-1.0495120336043264,-0.004689851320201733,-0.0007168642705293654,1.0,20.0
-1.0508538386009452,-1.0481032821861862,-1.0510845134888949,-0.0006315907824759454,1.0407520396128394,1.0444138072370646,-0.002013339230835583,-0.0009437784600722458,1.0411947122645537,-0.001718298519391715,-1.0509834664503368,-0.002051151164037288,1.0407623127739023,1.0451479759267492,-0.0017888681741634622,-1.0497672750513873,-0.001779541402777262,1.0405443544931865,-1.049045824107382,-1.048692855685615,-0.00022395664371557762,-1.0509522292456608,1.043032627188547,1.0413113393909021,-0.0019258991541274922,-0.0005868424429372287,1.0441240313388078,-1.049425930489809,-0.0013403488276578915,-0.00037677927431943034,1.0,14.0
-1.0509195701548142,-1.047581266204724,-1.0510978768499502,-0.0011168054446373194,1.041783484811062,1.0450708329672562,-0.002388785061442475,-0.0014588966973280812,1.0422833228504669,-0.0021304948267455966,-1.0510101569858183,-0.002426674268021691,1.0416550102604727,1.0454847389697444,-0.0021928985019263876,-1.0496282832663015,-0.002180711470544133,1.0417721509639137,-1.048350101280856,-1.0485618696000418,-0.00028897561819439543,-1.0511074592748033,1.0438283791109673,1.042000154901248,-0.00228004602915678,-0.0006657721489477117,1.0444636711419475,-1.0494273004685284,-0.0016608880903614064,-0.0004631106701287005,1.0,167.0
-1.0512246865124846,-1.0471362790848184,-1.0515747121678878,-0.0014833691566367474,1.0422011984843278,1.0451816562416631,-0.0029044905752229453,-0.001574841834473528,1.0426364466847837,-0.002617043942272308,-1.0513827369349302,-0.0029308839684151515,1.0421863440667016,1.0456227383590568,-0.0025887334566965983,-1.0500231308997074,-0.0025797768963673998,1.0421946981560115,-1.0492614715167887,-1.0488411192410692,-0.0004330527185163691,-1.0512672434241739,1.0437936734568964,1.0424783439644567,-0.00274879742948215,-0.0009370294879872497,1.0445126967270353,-1.0498933766434668,-0.002035986209991113,-0.0006369837224656277,1.0,127.0
-1.0502637638486687,-1.047637192254643,-1.0506858436205022,-0.0011994185689876502,1.0421528473417445,1.045053714555337,-0.0024135327417278453,-0.0012939377971766483,1.0425429284232623,-0.002150124971777798,-1.0504777429731398,-0.002475484743361992,1.0421661283997083,1.0454887541190883,-0.0022252447606976684,-1.0494198320851003,-0.002216026599036586,1.0420496487704598,-1.04836423842004,-1.0484741039746812,-0.00027603738361955916,-1.0503870461170792,1.0440466306007643,1.042430571228302,-0.0023923399835727006,-0.0006675435293191387,1.0448107763259653,-1.0493251302078466,-0.001816094625825896,-0.00041866292172001535,1.0,123.0
-1.0499713469409229,-1.047198366402929,-1.0502986523373383,-0.0012401270039660054,1.0403264016884786,1.044606718047416,-0.002814452325328226,-0.0014462752560167466,1.0409653485729713,-0.0027189508764897826,-1.050162076893325,-0.002869434114163945,1.0399583348561876,1.0443654065267625,-0.0025132815338946525,-1.0491975200484815,-0.002503270752574077,1.0401258220517415,-1.0481729378861637,-1.0484193869023024,-0.0003372600324378358,-1.0501117506984117,1.0427413975217439,1.0409059286845148,-0.002800371032257747,-0.000849731364316767,1.0436773846033207,-1.0488610426986202,-0.0021416276612043223,-0.0005153828103608738,1.0,96.0
-1.0500801804339281,-1.0474070572115286,-1.0503119204493432,-0.0019677182189872864,1.041514247175251,1.0447624378777365,-0.0034822284315109294,-0.001685642124926987,1.041923227236396,-0.0028118504335656156,-1.0501853462727664,-0.0034615115358343092,1.0413136122117077,1.0448728082193997,-0.002932066453137904,-1.049059355688368,-0.0029229403523637143,1.0414381986302814,-1.0480011526798385,-1.0482808809480613,-0.0003857122142728714,-1.0500892791556236,1.0440104710282636,1.0418442951334748,-0.0032480506023795583,-0.001041415293986152,1.0445849231344602,-1.0488282953534729,-0.0028481309215655417,-0.0005757755071562374,1.0,177.0
-1.0516417677418475,-1.0480723244346026,-1.0517712596815827,-0.0019055382406775248,1.0419919193076055,1.0448125454584316,-0.0037543643410689704,-0.0016545576936846313,1.0422530872293194,-0.003380426212987527,-1.051598358814706,-0.0037009919488146517,1.0419959764095368,1.045269315741499,-0.0029268147382298915,-1.05017893530257,-0.0029153037056447962,1.0419933328694344,-1.049024027575509,-1.0491705429640767,-0.0003387609271890566,-1.0517117588125515,1.0441162407127693,1.042340164905719,-0.0033364236513935986,-0.0008253661744990047,1.0444367351032713,-1.0499905103653917,-0.0018848579838281249,-0.0005137844175832637,1.0,19.0
-1.0493323655343887,-1.047063509362153,-1.0494655707537577,-0.0018354050964734822,1.0423000658765682,1.045256477443083,-0.0033707630539894563,-0.001410584505665258,1.0427073528236939,-0.002844847584855022,-1.0494958678736002,-0.0033115150167874513,1.042196680653053,1.0453370282613776,-0.0027747709894226933,-1.0486766847478912,-0.0027621247729745727,1.0421997537488867,-1.0478441290994762,-1.0480560989996703,-0.0003174087753374493,-1.049415144387111,1.0444867798392095,1.0427022850967218,-0.0031454463346989757,-0.0008089390279726926,1.0444106007476281,-1.048613456222031,-0.0028845384713025567,-0.0004916635391362295,1.0,179.0
-1.0507957972412825,-1.047827363333177,-1.0510886386970397,-0.002002039473369572,1.0420611410017022,1.0449520295763346,-0.003495325386185982,-0.0014578847176459075,1.0424239850482642,-0.0030521091265458913,-1.0509459791760327,-0.003380364028051432,1.0419626302446652,1.045329194078676,-0.0028235657850239917,-1.049728636863199,-0.0028395629475587137,1.042026536381203,-1.0485987470391587,-1.0488502294651987,-0.000344592008638926,-1.0510274859089934,1.0441221321952663,1.0423319315074502,-0.00315457411835585,-0.0008542554510477097,1.0445767438638751,-1.0494071738553319,-0.002921323531096375,-0.000500646329078531,1.0,35.0
-1.0503599915384254,-1.0472484989787065,-1.0508416750580736,-0.002141208429621978,1.041924988984493,1.044994239322355,-0.004089236445420531,-0.0020150838271427865,1.0422674897619875,-0.003553380866315005,-1.0505517127384685,-0.003986908240205775,1.0417689666602437,1.0451534745962312,-0.0033329908050920513,-1.0495478213351628,-0.003328390447316388,1.0419203913001225,-1.0487344417599378,-1.0485389333203061,-0.000402291007883501,-1.0504511759540485,1.0439831919584923,1.0422698383864033,-0.0037185429054212133,-0.0010894969974772452,1.044794633488542,-1.0491633442364907,-0.0034186758038016085,-0.0005839839377723312,1.0,197.0
-1.0496712349353334,-1.0478744085736487,-1.0498594837860766,-0.0019657912444546164,1.041753522317252,1.0448631338790864,-0.0034050875160560865,-0.0017774121436380846,1.0420707935259097,-0.003238600721623587,-1.0498639457553514,-0.0033904115591474144,1.041689786280971,1.0452088029543152,-0.00291168687887699,-1.049063876498065,-0.0028970222339292323,1.0417435056334186,-1.047973653232506,-1.0482250470817709,-0.00038720423706496964,-1.0497180909906725,1.0440400083513321,1.0419929679760773,-0.0032520912218809103,-0.0009826958133405974,1.0440817499671684,-1.0488023218596312,-0.002552558607223368,-0.0005890883229122443,1.0,131.0
-1.0507037495606832,-1.0473952998217786,-1.050697704934562,-0.0018113242214044503,1.0416583296058892,1.0448131014134239,-0.003352160737013866,-0.0017659229582204562,1.0419612487197185,-0.0028625403584208293,-1.0506322557045473,-0.00328882724651515,1.0416655935080923,1.0455445919702875,-0.0027952286301566602,-1.0495301028074289,-0.0027796162652766084,1.0416614444454382,-1.0481439550661746,-1.0486305900928934,-0.0003474704943170538,-1.050637990040369,1.0433637317736264,1.0419535849100097,-0.003072443653931873,-0.0008685186703745236,1.044447642052712,-1.0492454474763562,-0.0018540565089442721,-0.0005015896837936516,1.0,21.0
-1.050928557209719,-1.0474005090327547,-1.051229099538636,-0.0023890011223020864,1.0423798463496963,1.0453297854821841,-0.004628389402978188,-0.0022336681553489757,1.042764145037197,-0.00413226184792188,-1.0509814514720626,-0.004524155757274283,1.0422629043220493,1.045531564002594,-0.0038279090497810924,-1.049576021805751,-0.003835919263267971,1.042403949555429,-1.0481796825126297,-1.0485129276205172,-0.0004643472259035449,-1.0509435566092227,1.0443077852704485,1.0425587315816933,-0.004262358019359907,-0.0012058241179339181,1.0447502134624722,-1.049186048346747,-0.004137146025591798,-0.0006924849432324403,1.0,83.0
-1.050865984038388,-1.0478134263597294,-1.0508143509624006,-0.0010118128616054603,1.040714244440431,1.044828402835295,-0.001650099185503068,-0.000975570007172635,1.0414847926543993,-0.0014664589984362739,-1.0508331151700787,-0.0016939327452128255,1.0406510853511977,1.0448866581232221,-0.0016413052133749286,-1.0495320312067113,-0.0016342414524060766,1.0406885828420973,-1.0481165797751693,-1.04840840658712,-0.0002202138875795375,-1.0509299487731707,1.0436968622290528,1.0413765884687538,-0.0017074253606953861,-0.0005432290530204159,1.0443238776015373,-1.049156634542873,-0.0008651713100671642,-0.00033602426293798923,1.0,45.0
-1.051141087159589,-1.0479284218290792,-1.0511610642329523,-0.0015130999240162775,1.041048986284978,1.0443206725717982,-0.002674630449936315,-0.001091680299398444,1.041480395304863,-0.002475669868756783,-1.0511903231741786,-0.002736459865296854,1.0409595641106917,1.044712693446224,-0.002201274346086105,-1.0500037319901139,-0.002193357418238069,1.041016791520351,-1.0488419838203786,-1.0491165747692748,-0.00022779518361777727,-1.0511445584041479,1.0431015923931193,1.0413968494889727,-0.0025298269978988783,-0.0006258360823126949,1.0440471617538063,-1.0497968327873626,-0.002180893116408751,-0.00034356099434990853,1.0,139.0
-1.050894658174887,-1.0479276897668066,-1.0512004160681654,-0.0011325858366067478,1.0404463599595952,1.0440465112393882,-0.003298780109538359,-0.0011133554179435846,1.0407789146659538,-0.0029260962296671048,-1.0510989712956367,-0.0032098975230779973,1.0401696892733419,1.0443888292192258,-0.002532285134692594,-1.0499986003087405,-0.002536137599205115,1.0404679379428075,-1.0488739475338522,-1.0488755120202926,-0.00023151626995197557,-1.05105113966956,1.0422035108777183,1.0408422673746665,-0.002886660315057893,-0.0006218964154256611,1.0462476644135106,-1.0498265158857447,-0.002222759723884734,-0.0003388331364884868,1.0,181.0
-1.0502511003593307,-1.0475593145932984,-1.0503566072208566,-0.002905535723647498,1.0416637552456938,1.044921982747485,-0.005122154520973148,-0.0024461579591740852,1.0421806798433746,-0.0044910608360546654,-1.0503136526479284,-0.00514297963507216,1.0413605314179037,1.045537215339793,-0.004158605259199067,-1.0492958026527253,-0.004164406829951125,1.0415059247750522,-1.0480677025289955,-1.0484149074384308,-0.0005147062260843543,-1.0503372621216585,1.043412554230887,1.0420551645865108,-0.004877189509819812,-0.001367547253605206,1.0439849271277377,-1.0491191046172594,-0.00400802415776675,-0.0007762624316924997,1.0,85.0
-1.0506544676781577,-1.0478314486365032,-1.0510715867114762,-0.001114227475908797,1.0405985717303126,1.044632949959814,-0.0032757330123442336,-0.0013495121817628413,1.0410366549342311,-0.0031365655528936298,-1.0508239939078408,-0.003298825065728688,1.0401596139844995,1.044907158707493,-0.002683466487110916,-1.0496619376931027,-0.0026647710549635,1.0403830312337035,-1.048578825803068,-1.0486819920373123,-0.00031320162389731335,-1.0507527746602234,1.0432580720562699,1.0411553092923087,-0.0030442546087499976,-0.0008101837149551024,1.0439079107337241,-1.04954771868179,-0.0021254391850469958,-0.0004654453070655258,1.0,105.0
-1.049412276453932,-1.0473551398949366,-1.0495418009609752,-0.002556295978394399,1.0428187636847532,1.045353752831381,-0.0056661613902615785,-0.0022669324796526545,1.043219454546149,-0.005276292906478729,-1.0495416648960982,-0.0056278901902648846,1.0427376978468288,1.0455407010076847,-0.004339182878869273,-1.0488149488175948,-0.004329586813297482,1.0428055992852658,-1.047780899549516,-1.048373058493753,-0.0005298428781407978,-1.0494569137808722,1.0446950700412632,1.0431019874187786,-0.0052188249321668,-0.0013109050243508198,1.0452015432114286,-1.048769610465558,-0.0033935729824316886,-0.0007354404910847318,1.0,30.0
-1.051101031832696,-1.0475058288621124,-1.051390715736216,-0.001760622405719736,1.0414749001770163,1.0447884390539404,-0.00325811735854034,-0.0015254413122858439,1.0419414119715698,-0.003021859537515294,-1.0511914526869406,-0.003264435908558166,1.0414063721866806,1.0450880574803847,-0.0028689865683251296,-1.0497608654970587,-0.0028619942573852543,1.041459964655959,-1.0481836752288098,-1.048852015842488,-0.000345301143340964,-1.0511205253919478,1.0433379440870636,1.041943318072229,-0.0031595261809013245,-0.000778102810906472,1.0441873988417618,-1.0494288111367422,-0.0023666328998745226,-0.0004907401556205462,1.0,3.0
-1.0498084162810415,-1.0474753429647494,-1.0501134334517188,-0.001686959916468435,1.0424476351221534,1.0451906059733254,-0.0033342756501021573,-0.0016507026398827364,1.0428041019528327,-0.0027835638210048958,-1.049992095544473,-0.003385021563113594,1.0423548141501198,1.045243443432906,-0.002859994211716427,-1.0491645543801158,-0.00284853764369795,1.0423642324613775,-1.0484755282805107,-1.0483747072310838,-0.0003569458979812517,-1.0498612799080533,1.044408006029171,1.0428251432770554,-0.0032034858389975948,-0.0007991982183859185,1.0449887494032655,-1.0490178017264724,-0.0019328542523346158,-0.0005352402588870919,1.0,81.0
-1.0504649489150897,-1.0476231027070533,-1.0506340127121063,-0.0014299673096917613,1.0409334524600196,1.0448670211322515,-0.002960343293368372,-0.001512438111362156,1.0413085986509925,-0.0027396794001502867,-1.0505894305492118,-0.0028756440517402225,1.0409396866004874,1.0454103106122923,-0.0024013445519037464,-1.0495337821213953,-0.0023921548475796767,1.0409950954191707,-1.048850214580229,-1.04876023892442,-0.0003168171224498768,-1.0504464545924488,1.0434381044043974,1.0413357011671218,-0.002642371108977378,-0.0007255900077902834,1.0442773415372422,-1.0493928292662735,-0.0027177626675653505,-0.0004746727112594325,1.0,27.0
-1.0511121764844544,-1.048078642777953,-1.051215762824926,-0.0011364978867297304,1.0411853291302984,1.0445894227765187,-0.0025398605021080393,-0.0013034726471439556,1.0417977128103664,-0.0022780372057343637,-1.0511404699277107,-0.00259491546750294,1.0409436153781728,1.0444576633267626,-0.0021975115017040313,-1.0499715833529253,-0.00218963559456364,1.0411563163904058,-1.0491367864597443,-1.048930464793163,-0.0002910225179338073,-1.051111799530483,1.0434500535912372,1.0416314496725947,-0.00238355805350135,-0.0007650740958989003,1.044192626610387,-1.0497658783238908,-0.0020224545338748783,-0.00046076490956178695,1.0,75.0
-1.0507366226535602,-1.0475344090953758,-1.0507930438771145,-0.001867930737452104,1.0421322255321255,1.0452044243343301,-0.0034949298836063824,-0.0014272255160538132,1.0424989327907506,-0.0032001789031365756,-1.0507767929663474,-0.003477295001801852,1.0418407533783507,1.0456022636021678,-0.002828902362390232,-1.0497489562924591,-0.0028154763346173346,1.042095650675309,-1.0491103688972414,-1.0489650411900842,-0.0003040175499577791,-1.0508698891357589,1.044154129514678,1.042474794775934,-0.0031973984859428057,-0.0007237403652356617,1.0450644460173912,-1.0496136052249692,-0.0024708518299660265,-0.00044293820181665625,1.0,50.0
-1.050288541626081,-1.0471898715471717,-1.0504839823929704,-0.001917568090086247,1.0413365181926766,1.04475295358497,-0.0034812398184675187,-0.001506901402110396,1.0415518104627204,-0.0030461480737171793,-1.0503446132663856,-0.00343473349990934,1.0411519196834615,1.0454839607279571,-0.00283335146609678,-1.0491700477030292,-0.002823635505138036,1.0413470792687711,-1.0480973465286414,-1.048353033529062,-0.0003281086873530396,-1.050283372607694,1.0437337845811192,1.0415989852029666,-0.0031732488132872765,-0.0008317797788490734,1.0442519434450048,-1.0489610151569881,-0.0029254838127491475,-0.0004840446453486288,1.0,162.0
-1.0509490876434098,-1.047522770559713,-1.0514311897412225,-0.0014583301288169023,1.041099934190818,1.0448025396468708,-0.0030924878749209505,-0.001522903554929363,1.0415532585337932,-0.0025865163492297593,-1.0511420072126223,-0.003019367712474048,1.0408994330077217,1.0449670983075867,-0.0024627289311444926,-1.0496733208180926,-0.0024519688405418697,1.0409017531852294,-1.048202464142607,-1.0485589231093324,-0.0002992539870648527,-1.0511457008375906,1.0438152032743693,1.0413864918998799,-0.0027921564524788904,-0.0007091378111079374,1.0444391364365702,-1.0493283109141844,-0.0028274537135798477,-0.0004419752824824493,1.0,63.0
-1.0508692453794761,-1.0474179875467815,-1.0511471493291054,-0.0026246670694079184,1.0424617141308417,1.0454376960275567,-0.005011505850004655,-0.0019648805211428966,1.0429302725425416,-0.0036579330731202875,-1.0510413730976147,-0.004993844267961244,1.0422224456108387,1.0458343995874024,-0.0038936575345816125,-1.0498842956670107,-0.0039065698093879,1.0425004766803814,-1.0490681660912293,-1.048992841471128,-0.0004607340826152379,-1.0510738657401055,1.0445095117786374,1.0429133694735269,-0.004606740256281041,-0.0011007022473801034,1.0451313606613397,-1.0497630166996021,-0.004629627744794177,-0.0005798403995320765,1.0,92.0
-1.0502679668641786,-1.047615081496151,-1.0505631915474862,-0.0018672682002844527,1.039827564494522,1.0444283113903579,-0.0028307683637968355,-0.001977856631517513,1.0404498478503386,-0.0025717115336988876,-1.0504682575543405,-0.0028578851730292937,1.039567039000344,1.0442031086546526,-0.002759874495895875,-1.0493527655579937,-0.0027699318705093085,1.0395381571053637,-1.0484072476365873,-1.0488480538716878,-0.00041578983918326656,-1.0503949151902452,1.0429365086880549,1.040500149049858,-0.0027681325823547894,-0.00104552070348086,1.043170472738355,-1.049182744358056,-0.0022088569137798312,-0.000610399935934974,1.0,120.0
-1.0502328223150337,-1.0477367948912546,-1.0504091562699007,-0.001617048288280495,1.0414104653656076,1.044842293126041,-0.003066655163680424,-0.0014099350991103106,1.0419577031274452,-0.002742658761154762,-1.0503147618276678,-0.0030535124743713647,1.0411308301022455,1.0448925806209324,-0.0025627042184854314,-1.049223066548277,-0.0025505915419077848,1.0414029113670913,-1.0479736230362982,-1.0483762454037504,-0.0003073245991051731,-1.050208552034241,1.0435206637701853,1.0418959492383955,-0.002825933558436928,-0.0007347556795339818,1.044419083895137,-1.0490109913483407,-0.0026476037768028344,-0.00043858219416827735,1.0,87.0
-1.0502198425698392,-1.047512908615574,-1.0504242494570009,-0.0028643320437454225,1.040715983688722,1.0447804797406428,-0.004561570438792512,-0.0035421627308181657,1.041220471971153,-0.004014658671331281,-1.0503684405380793,-0.004599840914377761,1.0404838093857345,1.0453119685029497,-0.004192087326973764,-1.0494162050857474,-0.004189389370749249,1.0404926184434344,-1.0482088047480214,-1.0486747242923935,-0.0006495839959884605,-1.0503415221631525,1.043334452703374,1.0411760922204987,-0.004455460864832854,-0.0016729106394242376,1.04428020856069,-1.049130724391649,-0.0038284181608696406,-0.0010127476186533155,1.0,117.0
-1.0515090763413872,-1.048182096969208,-1.0516483331754647,-0.0013146500968088967,1.040915798227527,1.0445588797547096,-0.0033980150808926037,-0.0013733265308850365,1.0413579235832762,-0.003208719613124437,-1.0514648448330428,-0.0033318423063689257,1.040784732690553,1.044745425776081,-0.0027121381278670145,-1.0500128113462663,-0.0027018124694105756,1.0408045651912878,-1.0487542323102752,-1.0488487035887808,-0.0002896519260955164,-1.0515995309919328,1.0434682517103584,1.041340213236792,-0.0031780868088182985,-0.0007803410561473883,1.0439194290515692,-1.0497710784660212,-0.0026158458156308813,-0.0004260047617431015,1.0,178.0
-1.051041352048693,-1.0477754022390038,-1.0510333059728048,-0.0005999994657986307,1.0401069749719727,1.0436191304381794,-0.0025447627207548958,-0.0008682316123309708,1.040547745346069,-0.0022210006553478783,-1.0510604078785217,-0.002538534004612941,1.0399932217902352,1.0436193952693498,-0.0020688872618426536,-1.0498609807554122,-0.0020808565640714413,1.0401328696487855,-1.048536333488276,-1.0486764813384606,-0.00019038494999888117,-1.0511113138435,1.0414795506289138,1.0404348627630826,-0.002329272040481332,-0.00044900066565200576,1.0431061520702727,-1.0496984848962612,-0.0018745519072277802,-0.00028402290503424214,1.0,89.0
-1.0509600506415662,-1.0473057221920392,-1.0513641211508014,-0.001756981928113218,1.0403308174757175,1.044706522922682,-0.0029066340045491306,-0.0013532419123250396,1.0409636277246297,-0.002416648154584286,-1.0511691794432754,-0.0028497979874489016,1.0400127322158756,1.0451300480623096,-0.0024568367907682877,-1.0496336591333024,-0.0024400400277701483,1.0401263298804366,-1.048248348761094,-1.0485840590147608,-0.00029197478548057606,-1.0510888950100818,1.0433026949986233,1.041013329942255,-0.00262660124854778,-0.0007078582224803744,1.0436613102938455,-1.0492803898836418,-0.0017718651513719218,-0.00046608738888945375,1.0,176.0
-1.0509905983084702,-1.0481548890346526,-1.0513494651752806,-0.0011724693950858134,1.042508118046629,1.0450055177083553,-0.0031356792072701205,-0.001290352258540415,1.0428932855343223,-0.002752265187720224,-1.0510639877989238,-0.0031888819897007334,1.0424274794661232,1.0454887787859102,-0.0024410994609781493,-1.0498913982747415,-0.002423260708224773,1.042446221838107,-1.0484558776886792,-1.0488391811923485,-0.0002594177421449546,-1.0509897326357875,1.0441878480407536,1.0427885034261195,-0.002875699269261604,-0.0007089454170906933,1.0458773024597083,-1.04952054668432,-0.0007900786986560894,-0.00039033381534736306,1.0,182.0
-1.0500180651641835,-1.0477273043575537,-1.0500405700928421,-0.0009728056429190953,1.0412109425280758,1.0445714942863686,-0.0028019412989609784,-0.001172077955038126,1.041728907841923,-0.0023367915228380103,-1.0500702360799117,-0.0027696558728738034,1.0411733860805346,1.045122276378952,-0.0022769663371002705,-1.0491003208634155,-0.0022626370099478113,1.0411627510741552,-1.048489002162501,-1.0484023752195424,-0.0002501786609353827,-1.0500666337672777,1.0429423157260682,1.0415893622741625,-0.0025984094776512674,-0.00064810884998768,1.0445388477497959,-1.0489253160676826,-0.0014310838505863573,-0.0003547778747844886,1.0,195.0
-1.0514267327753613,-1.047334313797938,-1.0516376200095499,-0.0008383640411519788,1.039894057732327,1.044323814590117,-0.0026026760656652436,-0.0011494956335566398,1.040602741357314,-0.002316030705411691,-1.0514486719235783,-0.0025895198182362055,1.0395374335518253,1.044169718115322,-0.002097760568238173,-1.049939000132404,-0.002080113372247814,1.0398354974018515,-1.048683395093922,-1.0489725152321603,-0.00025129393626847094,-1.0514246858441536,1.0427220109131965,1.0402867551684916,-0.002339771169588414,-0.0005735419994841132,1.0437310699020288,-1.0498014349618876,-0.0019419544649227447,-0.0003620180335442701,1.0,161.0
-1.0500600535862477,-1.0477172800688146,-1.0501380652513146,-0.0017201606157217178,1.041405907456289,1.0448008811252656,-0.003471231104732311,-0.0014505911619923232,1.0418266324873913,-0.003000680111701399,-1.050139624207612,-0.003411059732106381,1.0412015380586805,1.0454166316785405,-0.002828812468619187,-1.0491866699692496,-0.0028286125667996405,1.0413677706344382,-1.0481817333291683,-1.0484051550485896,-0.0003341141508623265,-1.0501777779393535,1.043548250298579,1.0417858483848712,-0.0031866057844962153,-0.0007656101516414767,1.043764108283525,-1.0489549884651073,-0.0027357530780789227,-0.0004843747604077541,1.0,146.0
-1.0505030699304294,-1.0475115385189606,-1.0503650417819606,-0.0015217586483216264,1.0435478433472714,1.0456553248883131,-0.0029319333566431693,-0.0016955197655402169,1.0438053016333024,-0.0024537260043984988,-1.0503990209915173,-0.0029753623248893585,1.0435090844193236,1.0456478856414722,-0.0025417393422188773,-1.0493323988771734,-0.0025284863956060864,1.0435191332240956,-1.048432574270103,-1.0483522037230166,-0.0003839728359701868,-1.0504321794443428,1.045142112744189,1.0437882538247087,-0.002819503460223003,-0.001018910949126576,1.045615073848325,-1.0490474329792248,-0.0018061689627964564,-0.0005825436790483702,1.0,142.0
-1.0506297060184229,-1.0473398751203231,-1.0507270606958785,-0.0015769721982375688,1.0418284358818133,1.0447724132101268,-0.0036890247355551432,-0.0017259174692150667,1.042014729918098,-0.003216300515647424,-1.0506656307530193,-0.003678666638381201,1.0418310852427197,1.0446610954758304,-0.0030608591819402497,-1.0496433338223907,-0.003070290491560761,1.0418966892783883,-1.0486104807380348,-1.0486814815850753,-0.000358345924703966,-1.050547074686626,1.0438069203935907,1.04209595501844,-0.0033661852014709058,-0.0009119122591582931,1.0440986633423894,-1.0495165778519586,-0.002718423272335388,-0.0005414102659329384,1.0,80.0
-1.0504210815726014,-1.047521900746192,-1.0509152480616386,-0.001349643621147041,1.0405202681954184,1.044764126131761,-0.0021623158909451962,-0.001435695322689389,1.041191239562877,-0.0019122651231658504,-1.0506017324284684,-0.002200592590678983,1.0404927281986391,1.0453607105050977,-0.0021139859268149777,-1.0494079244639023,-0.0021055823554819585,1.0404203279082556,-1.048012231105126,-1.0483168452954612,-0.00029901903486519594,-1.0504883202681252,1.043390366913055,1.0412208811684784,-0.002149445839436712,-0.0007529555959169349,1.0441664941916675,-1.049082382313055,-0.0021041226908290922,-0.0004844543660716335,1.0,113.0
-1.0498499113191067,-1.0476355913846533,-1.0500138734663387,-0.0024652024504473696,1.0412835585118456,1.0445456403767697,-0.004525516057877049,-0.002161665562365508,1.0415700259015108,-0.003959490200735768,-1.050028974376903,-0.0044425485021183505,1.0412578220311866,1.0445404360776755,-0.0036656339240704913,-1.0490615335568287,-0.0036660534613114975,1.0412160089911562,-1.0477563490353854,-1.0482200369535422,-0.0004297806636493641,-1.0501022750729552,1.0430207465467143,1.041578157789149,-0.004198084384995719,-0.0010513612723520244,1.0437298846528598,-1.0488833850570425,-0.0036834728253571356,-0.0006437199741394139,1.0,110.0
-1.0508388538053592,-1.047973306307306,-1.0508504188831895,-0.0006553934932333484,1.0405974583464506,1.0441606377564647,-0.0026546942440555227,-0.001042278603327647,1.040823958942497,-0.0022199481169407286,-1.0507709729929668,-0.0026212861743323363,1.0405329729211188,1.0445110273376346,-0.0020560328789440163,-1.0495885160787666,-0.0020576168906093566,1.040637762142224,-1.0487936115171452,-1.0487468188167808,-0.00022831248035773503,-1.0507447576881805,1.0423279204763263,1.0409262987065573,-0.0023320287959045873,-0.0006135939471678749,1.0435974025690353,-1.0493536849373752,-0.0016427195533232294,-0.0003282404393921129,1.0,157.0
-1.050194918928197,-1.04792838407539,-1.0503700221567538,-0.0014113567365644552,1.0412958198214262,1.0447564713383726,-0.0033423816916165645,-0.001516729673912678,1.041730725115478,-0.003125807486932553,-1.0503870925924859,-0.003350548799756017,1.0410844788147307,1.0447979407779908,-0.0028045165066530394,-1.0494079290065184,-0.0027970051863612775,1.04127725801866,-1.0483890349598217,-1.0488345889189934,-0.0003124393299244812,-1.0504101956156409,1.0430227859983816,1.0416027985705487,-0.003188407602357873,-0.0007924811254352338,1.0437256236357744,-1.0492984187911283,-0.0027645586424291236,-0.0004927026215339377,1.0,57.0
-1.0497539742894868,-1.0478690493607392,-1.049946274492885,-0.0022510020207403936,1.0422875309831916,1.0451867903701209,-0.0043692455140912365,-0.001857003356342066,1.0426900501426557,-0.004027283913428972,-1.0499353705888193,-0.004346006767536628,1.0420942638132673,1.0457104713403438,-0.0035421359503363344,-1.049054914093301,-0.003553726189631395,1.0421157815910544,-1.0481605757592147,-1.0483339388301807,-0.00038877067182385635,-1.0498914079779913,1.0441773335401277,1.0426680632730785,-0.004091821105886736,-0.0009612547777976135,1.0446156373646478,-1.048851501175821,-0.0037723866935242276,-0.0005656022922137207,1.0,165.0
-1.050131226677428,-1.0472270573076357,-1.050424693174654,-0.0016818050060812796,1.0407019856864723,1.044740850225152,-0.003238722585634769,-0.0017648553974523033,1.0412981906609304,-0.002714103137055242,-1.0502760663005937,-0.0032935151631834922,1.0405439702654198,1.0454035409227456,-0.0028396930464873607,-1.0492344804273719,-0.002823682356382127,1.0405927866727518,-1.0483318944681286,-1.0483250338946248,-0.00039539993292792616,-1.0501552617327266,1.043147379979956,1.041080629323459,-0.0030533124686620196,-0.00098541274069294,1.044100416641428,-1.0488926087338142,-0.0019109332547228121,-0.0005727658618442485,1.0,173.0
-1.0507547808353095,-1.0470477046921036,-1.05102172948226,-0.0011856140266599058,1.042042885130744,1.0448134048560596,-0.002974775163908551,-0.001351561469524603,1.0424562270483964,-0.0028544230624165216,-1.0507849153748987,-0.002939270719445969,1.0420516956281607,1.0452581458586667,-0.002599350705683977,-1.0494851383122032,-0.002611346196254292,1.0419712572024746,-1.0479862700092715,-1.048521764391368,-0.0002830209436449135,-1.0506561233790925,1.0434064284426006,1.0423339308852355,-0.0027899993322259634,-0.0006805791067722449,1.0440957086183742,-1.0492556148493781,-0.0022337376356957113,-0.0004368495857831087,1.0,200.0
-1.0507125540187423,-1.0473671978632833,-1.0509493615734506,-0.0024174938248433574,1.0420104811565973,1.0449690610207356,-0.0039424435429339915,-0.002276195900639448,1.0425010321331576,-0.0033246870335867373,-1.0508238460588721,-0.003938769742422103,1.0417960340350563,1.044996981982392,-0.0033840668409379853,-1.049633461336782,-0.0033720810325166637,1.0418893516362462,-1.0485525082036546,-1.04874951611987,-0.0004588133349460849,-1.0507531435037445,1.0439750796085145,1.0423528060853693,-0.003737205419562814,-0.0011710413077440978,1.0443787407186007,-1.0494781166250104,-0.002914855417037897,-0.0006693556431469719,1.0,171.0
-1.0501468509679242,-1.0472552035144778,-1.050230188553887,-0.0017537839637500805,1.0409227492401658,1.0448169941122378,-0.0034096860717173255,-0.001512915814288205,1.0415489858421314,-0.0029557647052392342,-1.0502039328623078,-0.003440506759848215,1.0405897740851922,1.044834828083102,-0.0027917221905507856,-1.0492065785078015,-0.002788899339909279,1.04091982544038,-1.0479146479393742,-1.048394443728132,-0.00031026296054608864,-1.0501455990247637,1.0434732108234164,1.041393247650065,-0.0031094615011396957,-0.00076089585222961,1.0439623130968252,-1.0491572706545544,-0.002855212035246454,-0.0004840922041075275,1.0,130.0
-1.051698965508463,-1.0479057302077293,-1.0520461828855188,-0.0012454584356731328,1.041357777460026,1.0450600187851289,-0.0025320471809346192,-0.0012973556351859206,1.0417985124831364,-0.0021077206721217016,-1.0517719960644973,-0.0025983175325216615,1.041353985391119,1.0453207132499804,-0.0022977816850924667,-1.0501755772671406,-0.00230108252906337,1.0413981094262883,-1.048756856193856,-1.0488470169510467,-0.00035954198802011137,-1.0518395805225431,1.04360233339487,1.041539553688471,-0.0023935167089402447,-0.0007024747537293381,1.0440863950096113,-1.049856531723709,-0.001772002581414315,-0.0005286076468668377,1.0,67.0
-1.050531983930155,-1.0475762441724152,-1.051067535562173,-0.0013997086268410636,1.0417481343489312,1.0451749156873704,-0.003901767610201084,-0.0015276229984469338,1.0421874965619478,-0.003381327685158634,-1.050758901809932,-0.00388165798365392,1.0414380307770466,1.0458754061768814,-0.00308923728565299,-1.0494096492035843,-0.003075340209217936,1.0416506089828843,-1.0479566557790863,-1.0484376610728188,-0.0003462283863450103,-1.0506918888825434,1.0438597968971404,1.0422031575287374,-0.0037054319048529143,-0.0008864445300953443,1.0446381389088446,-1.0491641959853775,-0.002777441978842904,-0.0004964438380207196,1.0,61.0
-1.0503011046391086,-1.0475314870443624,-1.0504828262970904,-0.00254593798969513,1.0427003827464232,1.0453576477716489,-0.004915505098157451,-0.0021641941999111735,1.0431268100218931,-0.004590001468374494,-1.0503508573258846,-0.0048927701377810265,1.0427239212037034,1.0453780175188043,-0.00392708998624914,-1.049233788886068,-0.003929171476487405,1.0427632711751262,-1.0479501603894046,-1.0484076235654984,-0.0005304699438826943,-1.050358343758503,1.044659351591444,1.0431103518935614,-0.004543954917669409,-0.0011634773099464995,1.0452883235704178,-1.049045244867437,-0.004143537805957533,-0.0008526312961503926,1.0,15.0
-1.0506214918205876,-1.0478840026853329,-1.0510130323108098,-0.0018523849721674701,1.0403917024991853,1.0443991437781175,-0.003585088242859949,-0.0017857511723163738,1.0407455292478933,-0.0032979815572080334,-1.0509138462377148,-0.003574579540876636,1.0401277021697657,1.044893976314954,-0.003046896782371474,-1.0498634523704575,-0.0030336689452047628,1.0401859124134134,-1.048660302699672,-1.048891479829415,-0.0003852810953122505,-1.0508953778276369,1.0429316508082196,1.040643255809354,-0.0033474767749363307,-0.0009547260629947513,1.0450326701110664,-1.0497466765374963,-0.0025591592077611695,-0.00048437984557699634,1.0,108.0
-1.0499955500173808,-1.0471608039177849,-1.05040619887818,-0.002306014108482689,1.0414163032969284,1.0449171238887263,-0.0050015269840923545,-0.002346108287619828,1.0418879252855697,-0.004325899949248532,-1.0502199862409518,-0.004939714728402281,1.0413727536116502,1.0448358965556823,-0.004080422221834805,-1.0491231704516757,-0.004092929293319568,1.0413117505968643,-1.0482238495328227,-1.0482686425824224,-0.00044855088847797346,-1.0501413789686818,1.0431529181579189,1.041649026969806,-0.004677280679276941,-0.001117368597172045,1.0441789491825348,-1.0489920999193059,-0.004236541988649054,-0.0006908471874947143,1.0,100.0
-1.050452109058159,-1.0473057401382397,-1.0506583186408258,-0.0004046480956268924,1.040998428511161,1.0447183111615623,-0.002065717869985283,-0.0008567507957715944,1.041484590328954,-0.0018017747549049254,-1.0505628394754165,-0.001993437726305722,1.0409972667146976,1.0450723012101473,-0.001625063063836642,-1.0494708381181743,-0.0016114589006866041,1.0407741647257271,-1.0483111533949718,-1.0484511059094674,-0.00018949917908068676,-1.0504252004504955,1.0431825932234675,1.0413347607466605,-0.0018101094268844853,-0.0004308614605971084,1.0439473560059236,-1.0492711507546308,-0.001399624353235128,-0.0002606931620282714,1.0,46.0
-1.0505439781251633,-1.0480125406182246,-1.0509300760523288,-0.0008372939642650423,1.0420687591523081,1.0452310005369092,-0.0025668428929943488,-0.0010317543039851686,1.0423098770776997,-0.0023831734102276966,-1.0507674816532806,-0.0026176194883275453,1.041926179250425,1.0457343526253084,-0.002123189725423969,-1.0494865860869447,-0.002112619028871184,1.0421180157675212,-1.048220959702681,-1.0485170337669432,-0.00024730468716350324,-1.0508409856339176,1.0441783221616865,1.0423517770573745,-0.0023684513852948617,-0.000564803313082427,1.0448704067932812,-1.0493308354313957,-0.0014793926561756192,-0.0003701354943313358,1.0,170.0
-1.0508751106440701,-1.0477152143293067,-1.0509176301885028,-0.0017402459534796469,1.0411780686808296,1.044906115775314,-0.0032103496366197052,-0.0015118542865707224,1.0417350816137696,-0.002791788030091014,-1.0508894658884727,-0.0032682944172217677,1.0408851034558964,1.045134926897034,-0.0027960033445121974,-1.0496242277204555,-0.0027829474917030832,1.0410124223951176,-1.0484072312567656,-1.0484844435372958,-0.0003170097871106001,-1.0508567641241002,1.0436098645182672,1.0417061891515993,-0.0030208030922276373,-0.0007735292761995402,1.043765565526287,-1.0491971077144286,-0.0027012568507309904,-0.00044327320835004983,1.0,151.0
-1.0504516721369415,-1.0472091522787275,-1.0505317608889162,-0.0013304336076712085,1.041387400270168,1.0448986075115831,-0.002653892743082756,-0.0012531402389801432,1.0416722741595885,-0.002424602998471479,-1.0503874271413332,-0.0027073261142769216,1.041147734798186,1.0448441912929787,-0.002244217148601492,-1.0491281736408562,-0.002227037109416867,1.041370596701665,-1.0478543517757708,-1.0483192242545984,-0.00028439620415322955,-1.0503169665811734,1.0439214080846049,1.0416553021247885,-0.002502684446175801,-0.000670417709289284,1.0445081850404154,-1.0489200717231786,-0.0016960763966033894,-0.0004692514502160139,1.0,68.0
-1.0504644557188425,-1.0471716945787861,-1.050747556041585,-0.0019485212051789283,1.0408832614130334,1.04463393929312,-0.003843710036636258,-0.0018754554431020802,1.0413984478763576,-0.003174773502424799,-1.0506730070813817,-0.003731064224896076,1.0405862210688648,1.0450921247598792,-0.0031360444049578786,-1.0494952506703907,-0.0031317378373607752,1.040922320707069,-1.048330301013483,-1.0486112135171473,-0.0003956325373595943,-1.0506554113670517,1.0432221164557842,1.0413461442477117,-0.003457894435635533,-0.0009510258402030342,1.0441285426722828,-1.049372819669591,-0.002809924894481723,-0.0005277397337775366,1.0,56.0
-1.0506956882170952,-1.0473406026045493,-1.0507137198210459,-0.0015878602373243522,1.041654711894758,1.0449210205809336,-0.0037036361283966034,-0.001830627779688572,1.041937529580516,-0.003095114743960956,-1.0506639928896513,-0.003677193135529158,1.0416032313465966,1.0449933054451364,-0.0030435105559813106,-1.0496183576945508,-0.003034997540906215,1.0415726458145722,-1.0489005598131371,-1.0485901318952706,-0.0003448876248402374,-1.0505730543732184,1.043974361770118,1.0418350439794062,-0.003407878839133347,-0.0008892232100997516,1.044344291249137,-1.049227172043486,-0.003463167901074009,-0.000506234367005641,1.0,147.0
-1.0501852906466111,-1.0476877432540508,-1.0503642342793518,-0.0026924697368338464,1.0419423047818894,1.0451002876916784,-0.004687201278453053,-0.0019469975579694415,1.042451795512662,-0.004156011795990719,-1.0502431745827456,-0.004740764700405043,1.041697094965014,1.0450808161751453,-0.0038251571722493606,-1.049154222448231,-0.0038260693802386566,1.0419136920292469,-1.0479337612785016,-1.0483371515560136,-0.00042195044467579183,-1.0501462257407668,1.0435303564586835,1.0424333342951557,-0.004329574737720602,-0.0010108029911352666,1.0447851162452615,-1.0488815462095333,-0.0025216211632536436,-0.0006128910862192397,1.0,76.0
-1.05118452604947,-1.047494367365163,-1.0513307867675405,-0.0010785906796587533,1.041456296876667,1.0449775398160206,-0.003015130789287843,-0.001213195773285546,1.0420340991603738,-0.00264592665469352,-1.0511728006103846,-0.0030416246625209857,1.0411648205315651,1.0446954542781333,-0.0024190302309927865,-1.0499182039860784,-0.0024081458581439227,1.0413573750812424,-1.049017009693636,-1.048880612092384,-0.0002692700084540845,-1.0511566359013758,1.0439066931789425,1.041885362907107,-0.002815747298226156,-0.0006305565062349991,1.0444168479375708,-1.0498150315807353,-0.002217844925795849,-0.0004288446852503646,1.0,186.0
-1.0512087497414053,-1.0475948091774794,-1.0514244389261211,-0.0010200933465492246,1.042291074892882,1.0451124514787977,-0.0025377347910798356,-0.0010844610000661837,1.0426589271749807,-0.002318601823054651,-1.051179827064403,-0.0025910207628955357,1.042125090775315,1.0456616009534339,-0.002209447759406546,-1.0496523304282972,-0.002203579169989814,1.0422748612739503,-1.048343407820505,-1.048462581629939,-0.0002385534316324513,-1.0512126822948444,1.0441480642633851,1.0426911893935886,-0.002408824435222745,-0.0006159642338316014,1.0449518096115529,-1.049314270064481,-0.0021762349315983098,-0.0003720378475191126,1.0,180.0
-1.0499217255616653,-1.047197839677474,-1.050237047267823,-0.0022015395875116988,1.0411087246066213,1.0447699608444778,-0.00477056563167844,-0.0019382076027405488,1.041456993389591,-0.0037914131610974197,-1.050128218511655,-0.0046652260531660035,1.0410803967044036,1.0451840881023866,-0.003640831681276644,-1.0491343484214481,-0.003638913750799338,1.0409810551706382,-1.0481330912737383,-1.0483271132549228,-0.00040341925772748846,-1.0500165168220825,1.042952518120503,1.041573271649617,-0.0043542849358559526,-0.0009554475200313573,1.0447873086685588,-1.048942047820685,-0.003845539193573658,-0.0005820269368285121,1.0,135.0
-1.0506561808302612,-1.0474918428312117,-1.050960717959769,-0.0015326192215465034,1.040648853339166,1.0444145440427701,-0.002769708296613933,-0.0014695080845980063,1.0409706347545555,-0.0025157106924521906,-1.0508210191401326,-0.0027867720999107874,1.0407149788605443,1.0446044040578122,-0.002424551946675564,-1.0496211135773161,-0.002424612931257996,1.04056163105623,-1.0490171116044058,-1.0487081929235895,-0.000441109800172285,-1.0509191371705566,1.0433528903220757,1.0410913582773895,-0.0026309307681572002,-0.0009054671347317507,1.0439020813891755,-1.0494538908170636,-0.0025716366984886788,-0.0008386839802879746,1.0,48.0
-1.0507520534023906,-1.0472320590076811,-1.0510793247234786,-0.0011117551005764904,1.0413675995169729,1.0449893827389012,-0.0025462287920453063,-0.001078777225550686,1.041834942892743,-0.002045591314424375,-1.0509060073465126,-0.0025278198288129048,1.0412101472554323,1.0453768635768819,-0.0021690891204153885,-1.0494695577646092,-0.002178705287907641,1.0413111163629976,-1.0483702952623666,-1.048538128084625,-0.0002627382037806212,-1.050905017633899,1.0438620905781557,1.0418080607643327,-0.0023152732428628913,-0.0005536009531755809,1.0438558553918127,-1.0492132099858789,-0.0013530669965843782,-0.0003667185213837252,1.0,103.0
-1.0511982816089158,-1.0478295626469811,-1.0513284981637623,-0.0017063696466908084,1.0413908790149637,1.0447559510888336,-0.003193525213708365,-0.0016279938374805546,1.042044950486049,-0.002817239039204276,-1.0512015343623184,-0.0032572948208262004,1.040944420036337,1.0451925580991988,-0.002883694111378585,-1.0499434098220701,-0.002892367604443392,1.0413750350861921,-1.049040657100448,-1.0489711901789949,-0.00031735723487653813,-1.0510730836997564,1.0439734133440586,1.0419314618492184,-0.0031232180174829206,-0.0007493733904153469,1.0442804152611362,-1.0496811511363133,-0.0023143491864719683,-0.0004561506569830554,1.0,109.0
-1.050965924681266,-1.0475496316664905,-1.0512151064637663,-0.0015680529725939105,1.041948648266499,1.0449385218986924,-0.003455737069655677,-0.0015601841772608016,1.0423791078664604,-0.0029501037258875913,-1.051072407115342,-0.0034457533256800205,1.0417151517588377,1.044954309891654,-0.002906779275958014,-1.0496925164632906,-0.002897973214988627,1.0418387231487218,-1.0486103447659458,-1.0487859646302753,-0.0003419339913800489,-1.0510718109455512,1.043917656071222,1.0424058157832348,-0.0032109369702301364,-0.0008576136752792037,1.0448504188359722,-1.0494703257694775,-0.002864485252641182,-0.0004828268562549819,1.0,32.0
-1.0509893759428828,-1.0477923368868889,-1.0512742895202112,-0.001854800370919301,1.0402989335523263,1.0445131412815758,-0.0037520374526535385,-0.0017561302346941097,1.0406987180430463,-0.0036484031293592192,-1.051077755649732,-0.003795066292164686,1.0400781982104021,1.0450856210771766,-0.0031336918425217885,-1.0497511511501343,-0.003120055311066954,1.040083457644659,-1.0486871600828094,-1.048851384283508,-0.0004991169357580277,-1.0509710946809943,1.0430391155942633,1.0406568043735325,-0.0034843213445826006,-0.0010200985254148365,1.0436602376076936,-1.0496526298985198,-0.003550157371567725,-0.000777038311993645,1.0,2.0
-1.051937231512877,-1.0481358754014225,-1.0525133031962808,-0.0010079368063579351,1.0410725895759587,1.0449692629146072,-0.0026788834581087605,-0.0012330533223806127,1.0416482084622607,-0.0021938709055814953,-1.0520163889012173,-0.0026888779501302064,1.040673732055814,1.0450239721984473,-0.0023116747679655255,-1.0501612311752337,-0.002301534215342276,1.0410756466589053,-1.0485755390428535,-1.0487524995047126,-0.0002680981637975866,-1.0519167012455009,1.0437735707148055,1.041567834280033,-0.0024868126815830653,-0.0007284325447972833,1.0440927738029402,-1.049639482578553,-0.002229297188245994,-0.00037734931026023235,1.0,183.0
-1.0502192071858656,-1.0475190293239214,-1.0503389120956406,-0.0023166999303414313,1.0427094779993018,1.045368831545213,-0.0042998130743557225,-0.0020482851152594586,1.0430774947210275,-0.003828198337408878,-1.050323409906073,-0.00430208885107277,1.042718347586441,1.0452204611535088,-0.003461271809408001,-1.049209141602734,-0.00345527467397903,1.0427670828588236,-1.048431517350208,-1.0484093664912884,-0.0004128477196272079,-1.0502923547067675,1.044501037528685,1.0430304826343169,-0.00394649900444136,-0.0009949117572398752,1.0448800229222,-1.0490431432687077,-0.0041616556146879275,-0.0006379662556865664,1.0,155.0
-1.050511514971233,-1.0473018609679505,-1.0508937684657889,-0.001641244280762927,1.0425026120152785,1.0454405124926511,-0.0033786018488379927,-0.0015718727269850442,1.0429980384528146,-0.002698145670787433,-1.0506835052987407,-0.0033075125054782737,1.0423449591122862,1.04576823613494,-0.002790145664773867,-1.0495075293594913,-0.00278854549251372,1.0424498864306162,-1.0483589155643815,-1.0484580088293227,-0.0003700273508331213,-1.050606440669288,1.0443576673551238,1.0429066115688679,-0.00314444020550903,-0.0009346584052435245,1.0452378311134085,-1.049272984063409,-0.0025195378279387736,-0.0005495752807391086,1.0,51.0
-1.04994280797253,-1.047665162134246,-1.050143536210389,-0.0011326271491055022,1.0402486640690152,1.0439490775933769,-0.0036055713628316438,-0.0013838604520507686,1.0404752760827576,-0.0031347292050036618,-1.0501266109352025,-0.003501598269710103,1.0401402291009474,1.0440768772264386,-0.0027251953934429346,-1.0493713166885614,-0.002706188461204956,1.0402135874931373,-1.0488610183249696,-1.0486675033774535,-0.0002669345497997808,-1.0500310480156514,1.0423562963535944,1.0404995757267743,-0.00315469074986878,-0.00063904510119649,1.0446020787838746,-1.0492458920330965,-0.0028503403103976354,-0.0003944085239995542,1.0,53.0
-1.0503130898994124,-1.0472204141305512,-1.050569533451922,-0.0016002469643863482,1.0422239137044509,1.045240722198681,-0.002685794542581862,-0.0011589123734457728,1.0426023990019835,-0.0022679053895775353,-1.0503807165038719,-0.0027193929845035583,1.042200372123757,1.0455164532092212,-0.002237567546576772,-1.0492455058572863,-0.002232614673118551,1.0422529710195063,-1.047847630840964,-1.0483292355417824,-0.000273112970181446,-1.0503584524591296,1.0442044610461765,1.0426127054696857,-0.0025313971544572056,-0.0007184795998851673,1.0448458555335653,-1.0489755950744706,-0.0018040244437064635,-0.0004101475759063616,1.0,106.0
-1.051769847488872,-1.0480809807842653,-1.051984660156853,-0.0017516182497723314,1.0412400722614574,1.044921646217423,-0.0031101280339335554,-0.00133844564080424,1.0416153646345638,-0.0027135089982322017,-1.0516929174064815,-0.0030717044197522488,1.0411668448628029,1.0451825714634853,-0.0026478131028129627,-1.0501923188240925,-0.0026653194826156143,1.0411127275285874,-1.048947688832928,-1.0491717943763312,-0.00030184355605172673,-1.0515759291374065,1.04352825469799,1.0416044397698307,-0.0028683449154598157,-0.0007010878598879485,1.0445905711136678,-1.049968834965774,-0.003014452433338753,-0.00047731533789575165,1.0,111.0
-1.0501113110942746,-1.0479457024302854,-1.0504601366835462,-0.0022145267544588314,1.0408370024114648,1.0445011770923034,-0.0053532067389173805,-0.002308962927693477,1.0410927195272053,-0.0046201671535552975,-1.050281246706479,-0.005274105410536851,1.0405936314463033,1.0450558470019788,-0.004251276974699732,-1.0492321884057951,-0.004262125225330163,1.0407800338216733,-1.047888375353349,-1.0485856616960632,-0.00048795696346311186,-1.0501526896262516,1.0428596268345816,1.041072469095589,-0.004903195033639224,-0.0013178281942185155,1.0435003163829681,-1.0490253573753638,-0.0042894726426662404,-0.0006913373605670118,1.0,141.0
-1.0515453795469754,-1.047626416745406,-1.0515884121568153,-0.002499482128658864,1.0410678249297622,1.044917764400959,-0.004086793826991796,-0.0030679678250028525,1.0417480711310856,-0.00377635653065804,-1.0514565006505714,-0.0041490632337654616,1.0407783111571765,1.0454662695517793,-0.0037377395611965236,-1.0499240195447241,-0.003725404501315004,1.0409257550117765,-1.0484858245886797,-1.0486684777332187,-0.000594574823685651,-1.0514839003769327,1.0435959319428887,1.0416422311213134,-0.003973784449853672,-0.001539415188401967,1.0441266829532405,-1.0495434567663622,-0.0035632949887683505,-0.0008971675385607358,1.0,93.0
-1.0500004272201715,-1.0477854690669863,-1.0502136152566877,-0.0021019623153773095,1.0396401963758932,1.0442561734276925,-0.0035627691025035837,-0.0016796442513608001,1.0403601547318406,-0.003197348837786984,-1.0501927854006818,-0.0036039676499325583,1.0393763857454887,1.044212650894702,-0.003126496456071068,-1.049194641630425,-0.0031278843250773926,1.0394769000274702,-1.0477714792287403,-1.0484109338586816,-0.0003830270268682169,-1.050255962543112,1.0424819822595857,1.0400391365084372,-0.003443363428436824,-0.0009918002440892388,1.0431641081722176,-1.0489208521460698,-0.0030327081881771473,-0.0005572765262505395,1.0,10.0
-1.0524553674282313,-1.0476018242908167,-1.0530808619760588,-0.001615050001345276,1.0400376832113754,1.0443129290742925,-0.0035335682534026196,-0.0017346157790904795,1.0405590606292636,-0.0031041988019744685,-1.0525918289605793,-0.003520230027512993,1.0395357212770258,1.0443979688768232,-0.003075500323716977,-1.0505368868666465,-0.003067051413189394,1.0398943460383345,-1.0490727876156678,-1.0491774256026754,-0.00034641163064102657,-1.0525969294263229,1.043213096261088,1.0405287097136657,-0.0033066478070380924,-0.0008517306447893815,1.0437177367214976,-1.0502691277766454,-0.00264286264401616,-0.0005111386103894626,1.0,154.0
-1.0504315122932188,-1.0478293700481467,-1.0508337242456425,-0.002201796476605231,1.0410035374164057,1.0444794417776186,-0.0051108619960706534,-0.0020836354832965854,1.0413422254202787,-0.004476804907259475,-1.0506382056274728,-0.004977300195990032,1.0409211804813057,1.0445596642445585,-0.003898121011735697,-1.0494942757937973,-0.003890291659413947,1.040877734160258,-1.048259751459203,-1.0486504862230934,-0.0004115559395994042,-1.0506013448682177,1.0429849932387145,1.0412069788803853,-0.004502357785924182,-0.0010652526621205873,1.0438237031797313,-1.0493277123165303,-0.002841166642469591,-0.0006005702564005737,1.0,49.0
-1.050944528762906,-1.0479881164657994,-1.0509319856925916,-0.001816174663562481,1.0401497407608353,1.0443872804644103,-0.0033580642250958725,-0.0017693119049500877,1.0407656763595405,-0.0030290879983272526,-1.0508769255197168,-0.0033066950912208053,1.0402131152725016,1.0450299978039561,-0.002777950278395966,-1.0496741909596181,-0.0027680508049228295,1.0400737198887526,-1.048533232843399,-1.0488178597228945,-0.00033831508651970736,-1.050780511971713,1.042922640582842,1.040545499326562,-0.0030654747844739614,-0.0008542588415762066,1.043697661272527,-1.0494713875939623,-0.0014048381777272407,-0.0005493969913949144,1.0,5.0
-1.0502635893517998,-1.0473701196928458,-1.0505814522081254,-0.0017152753225644962,1.042600498050003,1.0453867904233642,-0.0035118716066743485,-0.0018051030853710147,1.0430003329494841,-0.003030401630680129,-1.0503516387096854,-0.0034800043821973966,1.0426435933869522,1.0450973878871577,-0.002990291489289967,-1.0491807557658703,-0.002994148726991088,1.042533701191039,-1.04789178913557,-1.048401701608264,-0.00035172411559425556,-1.050278748673891,1.0445005422371418,1.0429446745944104,-0.0032595817730388076,-0.0009124870287645604,1.0449411453878321,-1.049017600523952,-0.0025500270681289845,-0.0005376570983171134,1.0,196.0
-1.0511140100313043,-1.047293080047296,-1.0513736737405555,-0.001585452690608667,1.0412261429987748,1.0447534831167502,-0.002864128103127759,-0.0013196464405459416,1.041889782369514,-0.0025170479077580147,-1.0512178334421283,-0.002823088353887543,1.0413178868805524,1.045130853788435,-0.0024600575995883394,-1.0497127608122305,-0.00244871269781802,1.041062719930583,-1.0483670508159324,-1.048501956683539,-0.00029538262217446837,-1.051261017921642,1.0435537738318568,1.0417017070311823,-0.002764035647053814,-0.0007070138815567574,1.0442538450022616,-1.0493608917632846,-0.002343899299071247,-0.000460042065666232,1.0,62.0
-1.0502943993528087,-1.0475070881678594,-1.0502350917427865,-0.0016660253758489418,1.0415500652401164,1.0450229484152669,-0.004106849770382761,-0.001993566301100135,1.0420693185603762,-0.002820445417023233,-1.0502422690096944,-0.004057276838199491,1.0411876357748404,1.0453475726960073,-0.0032534186054485213,-1.0491754327349405,-0.0032576783861583253,1.0413928978475036,-1.0483389609746288,-1.0482835172351643,-0.00039041258432113827,-1.0501068215676312,1.0437529376095147,1.0420685065102069,-0.003761741204306063,-0.0009719844924108,1.0446238320387569,-1.0489583246775762,-0.0035467046428253753,-0.0006040294587601982,1.0,90.0
-1.0504656341830882,-1.0472918306613874,-1.0506518783012482,-0.0019193848493825746,1.0405443622272894,1.0447567477332078,-0.00489893563772373,-0.0018728335003899686,1.0413481665492472,-0.004178713773834456,-1.0505576790020708,-0.004941071500515178,1.0399983683164498,1.045289556050022,-0.003698566945029859,-1.0494816207703215,-0.0036889842922544335,1.0403640617523917,-1.0485685381515957,-1.0484285576410672,-0.00040351961504273687,-1.0506314212846402,1.0430201715854257,1.0412159725801118,-0.004506888870057402,-0.001060592330128634,1.0440372988604676,-1.0491774753621201,-0.003907905909704893,-0.0005833175590197326,1.0,164.0
-1.0499937519879998,-1.0475235083434538,-1.0501789499809364,-0.0018152574533098322,1.041260227224477,1.0447710185721955,-0.003591524753623744,-0.00149079425802338,1.041541259027755,-0.003062570371347007,-1.050126706707828,-0.0035327315496248932,1.041108038797307,1.0450759664592493,-0.0029462483012941093,-1.049272124918756,-0.002963028457476653,1.0412762628619001,-1.0482475359227121,-1.0484908456156607,-0.00031359118553587583,-1.0500236824639013,1.0434642694769156,1.041563905461795,-0.0033058226945854095,-0.0007373173755622646,1.047775691292416,-1.0489798434169406,-0.0026137043171331467,-0.000490906464643287,1.0,86.0
-1.0508100660711397,-1.0477081353796744,-1.0509030059406141,-0.002183339204177862,1.042148521865954,1.045161686366874,-0.00399260918591846,-0.0017576334408076972,1.0426000990620328,-0.00350767674292535,-1.050819045787926,-0.003987294131713,1.0420576827996317,1.045225893054528,-0.003217575777567961,-1.0495122609567773,-0.003214716987131834,1.0421247787355188,-1.0482140257866028,-1.0484561185469474,-0.00040162863729012867,-1.0508311815251323,1.0441193238625612,1.0426118269234046,-0.0035948000519221593,-0.001069415049927714,1.0457712496005593,-1.0492107148346523,-0.003227410964014659,-0.0006126506377709368,1.0,126.0
-1.051035035335446,-1.047650461433297,-1.0512554350390437,-0.001156912201354641,1.0403808207519338,1.044633460839863,-0.0023759284820512316,-0.001190634356877672,1.0410078867725088,-0.00213735303276388,-1.0512326908167824,-0.0024708941990979165,1.0400862636488213,1.0451648163185803,-0.0021908542831465586,-1.04977805683717,-0.0021961248186849634,1.0401851599952765,-1.0486908863918585,-1.04891345394339,-0.0002624562765503924,-1.0513229760645078,1.0433908645632255,1.0409170691032916,-0.002322914950287613,-0.0007308526109853589,1.0440665262598516,-1.049418131458524,-0.001912527911875872,-0.0003863918703056102,1.0,152.0
-1.0498380283592965,-1.0472105973314159,-1.0502409548678908,-0.0005728848310034371,1.0418147276536553,1.0452140388844844,-0.002476144928873185,-0.0009486756292394394,1.042308221345942,-0.0020905143379331237,-1.050124242534269,-0.002454448358360611,1.0417128858468672,1.045675746262256,-0.0019206677766550385,-1.0490660421784375,-0.0019208042904317844,1.0418374464022926,-1.047777098481673,-1.0482909956878643,-0.0002502377190192138,-1.0499900479751714,1.0440537175647486,1.0421811054484653,-0.002229948183880123,-0.0005504822637459523,1.0446949538293715,-1.0488035263661108,-0.0011829039265751936,-0.00039474075357310933,1.0,71.0
-1.0501832298549973,-1.0471960039904002,-1.0503116047608454,-0.00196713209163891,1.0417363427388167,1.0448309032285477,-0.0034660404070348664,-0.0016864412526177443,1.0421038285450412,-0.003030573825648275,-1.0502700837918935,-0.003391662553040548,1.0417347387417488,1.045072333971319,-0.0029566235172141958,-1.0491846561396252,-0.0029418651594563176,1.0417794499444648,-1.0478470196673866,-1.048284499076085,-0.00037093701944205306,-1.0503110124015642,1.0433152176055722,1.0419763363314523,-0.003146695731567854,-0.0008960290766955518,1.0443539165814324,-1.0488786605556064,-0.00288240420822219,-0.0005346742352962959,1.0,37.0
-1.0502371366577226,-1.0479001979916167,-1.0504344109369772,-0.002171144278576076,1.041545426076815,1.0450622656444786,-0.004764310521102062,-0.0019866513038891993,1.0418870111497833,-0.004201838299430642,-1.0503828533138426,-0.004725592186455999,1.0415006462263938,1.044938066007942,-0.0037946907448471825,-1.049501484348549,-0.0037841378622361587,1.0414282726839592,-1.0486507949528947,-1.0488115072343762,-0.0004186891085601436,-1.0502945498401979,1.0439365814910466,1.0420333976069671,-0.00445092632491714,-0.0010418335363828583,1.0444531901743213,-1.0492338552739386,-0.003947421514409771,-0.0006388127845351495,1.0,6.0
-1.0507071906904892,-1.047826824725826,-1.050738056548774,-0.001212422406755713,1.042325081361669,1.0451972933733713,-0.0026548823670721412,-0.0011117045291412044,1.0428018200117295,-0.0023117328527533345,-1.0506459712423983,-0.0027077898975098632,1.0421763910266513,1.0458285257162465,-0.0022393651929290596,-1.0494878570031645,-0.0022448460673117248,1.0423800696012007,-1.0489401671779943,-1.048781541781916,-0.00027199697605728273,-1.0505441267064997,1.0444494528456931,1.0427821793416783,-0.002510394752301423,-0.0005858398892314944,1.0450609954760217,-1.049280255451575,-0.0017195499623002325,-0.0004154065141196299,1.0,125.0
-1.0507337612150398,-1.0476917226021096,-1.0506528234647894,-0.0019096055419991031,1.0420586267927638,1.0452510103279478,-0.004120439414960701,-0.0018637461850277946,1.0426392305883798,-0.00374123274302982,-1.0506705611389107,-0.004082568226946744,1.0419576400072355,1.0454876041900585,-0.0033137421436523437,-1.0495475982135567,-0.003307621576566838,1.0418963367732168,-1.048337857142091,-1.0484805750860628,-0.0003734772584474047,-1.0506468011129315,1.0443079977939553,1.0425390426971415,-0.003796121443177657,-0.0009095081515613309,1.0449155982723328,-1.0493830250363498,-0.0033104175074529078,-0.000551519326193483,1.0,98.0
-1.0515242608009086,-1.0474469952061192,-1.0520704012913957,-0.0016461180233224067,1.0421525400614318,1.0452159512574757,-0.002894261324183434,-0.001353627051783911,1.042690982311598,-0.0024954800260304465,-1.0517409625007075,-0.0029588321880410808,1.0421708006780253,1.045633690135911,-0.00260733452258451,-1.0501401837814928,-0.002606187200979505,1.042194387924261,-1.0492827305612655,-1.0489643725221167,-0.00031422106624517547,-1.051564159341292,1.0442277450454982,1.0426178018954637,-0.002849807122721978,-0.0007891696414982154,1.0449309991343543,-1.0497893201451698,-0.0021792230961143653,-0.00046832538635186517,1.0,174.0
-1.0513238650659649,-1.047515479458844,-1.0513973978193918,-0.0009560160871993356,1.0422859715627197,1.0450976618213166,-0.002708545005960528,-0.001099613594110908,1.0427239046704933,-0.002356636586207941,-1.0512482870199586,-0.0027133289106559566,1.0422821028466198,1.0453095505972176,-0.0022709546287898712,-1.0497155828670002,-0.002265378200151654,1.0421646769329458,-1.0482426509775253,-1.048606851880109,-0.00024292907345365653,-1.0513032478474131,1.0442631481606237,1.042737349015728,-0.002553029808423408,-0.0006251202264783199,1.0447067931856693,-1.049492578361131,-0.0018608408145381998,-0.00034256526804917023,1.0,187.0
-1.050095581350027,-1.0473070156817827,-1.0503556688047684,-0.0010536245612977843,1.04136349739832,1.0448465561425404,-0.0027964958980403274,-0.0012459477308750491,1.0418402170976588,-0.0023328765451740945,-1.0502752206350914,-0.0027576310168825027,1.041021820601576,1.0445554523087257,-0.002448110373783639,-1.0492057386772526,-0.002451405275041005,1.0413363403432714,-1.0481847438885918,-1.0485729198644285,-0.00030045822675402086,-1.050211537223004,1.0434835522020292,1.0418549836102067,-0.0026143211962242462,-0.0007359806709004655,1.044215682621807,-1.0490190249865676,-0.0022984168800551977,-0.00045243722093163896,1.0,7.0
-1.0497308195451338,-1.0475369313132232,-1.0498932761536957,-0.0011883927963145528,1.0422677372526892,1.0449796094789687,-0.0026917816317789827,-0.0012995049162564136,1.0426254991792354,-0.002570442703571383,-1.0499176688447043,-0.0027368491697101534,1.0421935780925076,1.0454982046930978,-0.002304634474882267,-1.0489930807589551,-0.002293646454147095,1.0422529283421622,-1.047774983923642,-1.0483262884726001,-0.0002815749226911519,-1.0499583240310741,1.044255140423915,1.0424018617195985,-0.002593551956928756,-0.0006512217169678118,1.0448905390202563,-1.0487712507526579,-0.0017632690710899601,-0.0004130319236155305,1.0,194.0
-1.0508791501827717,-1.047554544698672,-1.0511915245252883,-0.001465093952223187,1.0421057633459647,1.0450534507760012,-0.003261810991593974,-0.0015552413318909168,1.0425227848430139,-0.0026919817704669545,-1.0508902774812732,-0.0031747656792357154,1.0418726821792412,1.0452574080921215,-0.0027386958897454633,-1.0495281880385414,-0.0027398666298756153,1.0420751333448974,-1.0481403261600954,-1.0486389428830616,-0.0003340014808068052,-1.050873935931707,1.0441030926399357,1.0424613391510162,-0.003007468437733328,-0.000837014732045186,1.0452764817136273,-1.049286729894729,-0.0023033655676533305,-0.00046462991820992664,1.0,140.0
-1.0508401939609298,-1.047464708034368,-1.0512194481972565,-0.0014272747502680559,1.041084988699043,1.0446524519698999,-0.003296749227129,-0.0013868155963996515,1.041674073888985,-0.0028160598746110243,-1.0510008279535934,-0.003265183495045844,1.0407851335977314,1.0445410996917717,-0.002783374184188312,-1.0496842068882206,-0.002791196239036695,1.0410631277882552,-1.0481632604070168,-1.0486929126997357,-0.00031300754716860396,-1.051075882401418,1.043284835130685,1.0415086914439198,-0.0030345708120285775,-0.0007631768853135687,1.0441218555972858,-1.0493641123334143,-0.0021814081168467776,-0.0004480627863043152,1.0,107.0
-1.0504636232689053,-1.047301759282279,-1.0505383179958785,-0.002177923465968096,1.0417824900378772,1.0448221117800776,-0.004672527184837359,-0.001964764576585349,1.0420076616568221,-0.004492596976400713,-1.0504747198365623,-0.004663213935066297,1.0417695342707791,1.0447112657756814,-0.0037372533780287653,-1.0493599470413408,-0.003727884899564657,1.041673932341326,-1.04853027584801,-1.0483393050293912,-0.00040197208326902997,-1.0504154617718144,1.0433154870137789,1.0420996445204234,-0.0044832095865840775,-0.0009783439954583629,1.0439900905981114,-1.049124216353389,-0.004127576951561353,-0.0005923044858370435,1.0,102.0
-1.0511142596485437,-1.0474247210359213,-1.0515161527000412,-0.0009245603032504623,1.0415583401406592,1.044983956527964,-0.0024481907581187746,-0.0013041422459930951,1.0420482539019456,-0.002115955166306351,-1.051239595476166,-0.002412682979318222,1.041456054992945,1.0454221758142817,-0.0020484959521238,-1.04981287555021,-0.002048067995961004,1.0413564344066122,-1.0487124090071498,-1.048729816405365,-0.00025750362469888357,-1.0512810502435546,1.044056026221003,1.041871115435929,-0.0022339827175677836,-0.0005831842148425981,1.0442908936696411,-1.0496654927940028,-0.0022616870761078406,-0.00037067757635914295,1.0,69.0
-1.050458957998728,-1.0472758809792597,-1.0507995828285925,-0.0011608209685106848,1.0405000913087803,1.0445980260129104,-0.0026136604990139884,-0.0011879124306225684,1.0409918382511036,-0.0024028855384104785,-1.0506095946683294,-0.0026380701669240746,1.0402595396828325,1.0446259011454941,-0.0022427681459052298,-1.0493797093222883,-0.002236323929158488,1.0404677372335729,-1.0482696433741756,-1.0484179256478892,-0.00027505689578029947,-1.050480225796556,1.0431318693419371,1.0409080872890466,-0.002443074587683153,-0.0007848756359846564,1.04409656187077,-1.0490721490167332,-0.0025539639474652836,-0.0004015853562857942,1.0,97.0
-1.050711674086703,-1.048011348416254,-1.0510208764249722,-0.0014202932055193975,1.039988178125565,1.044544372712335,-0.0028428104944209303,-0.0014107420071313966,1.0406355071257676,-0.0025269921621122525,-1.0508524631688045,-0.0028027202559617465,1.0394777604487726,1.0441021801917054,-0.0024270131817578475,-1.0497364201743988,-0.00242422590251344,1.0399344733964007,-1.048413760238456,-1.0489584748544507,-0.0002874785315164224,-1.0507593562010125,1.0429985349444861,1.0404223679003755,-0.0026381417884545617,-0.0007405645442189644,1.0434170714192792,-1.0495633055677493,-0.0018004767188764534,-0.00041570756677264533,1.0,4.0
-1.050191188603963,-1.0475466024189175,-1.050590602870948,-0.0005644616015944253,1.0413916327673995,1.0446380449234565,-0.002106848666201805,-0.0008126119717571715,1.0418359206895622,-0.0017544455066565133,-1.0503812686808771,-0.00217081717407042,1.0412438821496095,1.044958812205054,-0.0017501670895675478,-1.0493302679635053,-0.0017597042053055327,1.041306949346601,-1.0481435450770835,-1.048491118382313,-0.00018776695085442064,-1.050322246314422,1.043073379193105,1.0417173160155833,-0.001948699559766647,-0.00046418930937696236,1.0476809204883797,-1.049126726949574,-0.0015852648995571656,-0.0002703380192323195,1.0,136.0
-1.049794028230257,-1.0473207658298866,-1.050002499957964,-0.0026361640341091546,1.0412096566708846,1.0448473731845958,-0.004991543868711674,-0.002062379058304673,1.0416436459535274,-0.004643278582259147,-1.04996984596293,-0.004875484986014424,1.0409286332836762,1.044676054377661,-0.0038894316085440017,-1.049031121853118,-0.003875953320552133,1.041218538014423,-1.0477810964912306,-1.0482942915634585,-0.000432455633923274,-1.0498910439703866,1.043706786624117,1.0415356760213497,-0.004484807908239778,-0.00106312979179918,1.0442222620472583,-1.0489948904844255,-0.004810301228691886,-0.0006319355754932551,1.0,13.0
-1.0500866517527139,-1.0477981691052731,-1.0501954151147541,-0.0009280431120615409,1.0419683567751725,1.044604013281175,-0.002533751673273645,-0.00117034112233039,1.0424674272476273,-0.002273191796800292,-1.0501958667589115,-0.0025329509074480134,1.0417829579772766,1.0451254316089444,-0.0020625650311525243,-1.0493219017067543,-0.002057237355376963,1.041817953948217,-1.0483867380618612,-1.0485707713969363,-0.00022224822654260204,-1.050094591236014,1.0439023524135977,1.0423605410082384,-0.002290620826682223,-0.0005355732450869041,1.0440437855712197,-1.0492080267192871,-0.0019380155121783084,-0.00032492071706500766,1.0,134.0
-1.0506514888148208,-1.0472618582985795,-1.0510849048377087,-0.0012231924149978062,1.0400253147933702,1.0446085180519311,-0.002375727068639945,-0.0011163493730230677,1.0408430575900132,-0.0019971302546820374,-1.0508555243183313,-0.0022742340846841286,1.0393285681140862,1.0450434067650478,-0.002038078358414864,-1.0496242415485784,-0.0020332323589140233,1.0398363036115057,-1.0486932963128548,-1.0485396164727556,-0.0002446625151694755,-1.0508968558351062,1.042837580301951,1.0407205218491138,-0.002149068165302202,-0.0005659699773564706,1.0432928948588256,-1.0492483052016466,-0.0016277481242986933,-0.00039765591821288893,1.0,133.0
-1.0497372207041284,-1.047064172774832,-1.0497753188879746,-0.0021725430278526758,1.0426341931369263,1.0452175729641648,-0.00358933966379837,-0.002069190108313375,1.0430374055536367,-0.0033069075577994624,-1.0497949122252719,-0.0036108098103112864,1.042616118787759,1.0450809232062106,-0.0031795456494659075,-1.0489353971806334,-0.003172824895277512,1.0426165504284248,-1.0479006523843706,-1.0481522666066114,-0.0004030715820111315,-1.0496908347123457,1.0444876593355652,1.0430219345707277,-0.0033927585716783744,-0.0010529337124602458,1.0450323175202614,-1.048700101889475,-0.002683324054449748,-0.0006177997816088341,1.0,148.0
-1.0497698781621785,-1.0473387148440283,-1.0498941344139059,-0.002651669409103063,1.0416343376546422,1.0449780890020675,-0.004897606766575433,-0.002203873954984431,1.0419776883926872,-0.004323479559555905,-1.0498922224134866,-0.004933504160875255,1.041530549541656,1.0451305747116366,-0.003982096110618602,-1.048947946708558,-0.0039740072102359,1.0414462842949839,-1.0481133095528423,-1.0483166790476703,-0.0004732903081735393,-1.0498361052979923,1.0440235128805744,1.041987983729855,-0.0045330275306042596,-0.0011632915442646473,1.0442717677072906,-1.0487853613552112,-0.002857201005502989,-0.0006749977686406117,1.0,193.0
-1.0500944564486487,-1.0472641308226207,-1.0500601402962733,-0.0018091034696386295,1.0416415081643173,1.044917716299384,-0.0033936167196414674,-0.0014053933665775374,1.041960597412827,-0.003026991655073959,-1.0500836889253877,-0.0033493977388726523,1.0415071808809389,1.0448511956271844,-0.0028317100308278714,-1.0490336051572446,-0.0028409662866328484,1.0416671036869496,-1.047860227071683,-1.0481429210404258,-0.00031076031873987405,-1.0499622205905015,1.0437770377256788,1.0417992914810263,-0.0031264713886258685,-0.0007521142867072146,1.0441066807163693,-1.0488801479456393,-0.003045670651297604,-0.0004945482617655784,1.0,118.0
-1.0504044116855777,-1.0474459694118587,-1.0505526737654385,-0.001527435041378714,1.042138700398327,1.0451632872377021,-0.0035717701671300326,-0.0016687386855854269,1.0425401667890521,-0.003097314742107647,-1.050485744585399,-0.003448005102882492,1.0421640402534826,1.0455412189271807,-0.00285621275252268,-1.049329715635816,-0.002853291745130602,1.0420328496006808,-1.0482890936883844,-1.0485219252647158,-0.0003369764618947491,-1.050433185720401,1.0440934427846549,1.0424281962308812,-0.003262328581253792,-0.0008347460762161017,1.0451368430202967,-1.0491283240705163,-0.002229311540369976,-0.0004897381667752978,1.0,38.0
-1.0512708976486664,-1.0478084850771894,-1.0514713251204821,-0.001448208587390944,1.0419515467387501,1.0451326955735334,-0.0032915801762430984,-0.0015276103094074786,1.0424684025017594,-0.0028581485050959946,-1.0513313748506794,-0.0032176090895446505,1.0419278038248494,1.0456222596197686,-0.002736011967266254,-1.049895744826279,-0.002741750800461762,1.041837213044018,-1.049010420320007,-1.0489353771070906,-0.0003501841990187235,-1.0512989480377053,1.0438569798513826,1.042383883228959,-0.0030249819189128073,-0.000933758470825748,1.0444370158873795,-1.0495462065887176,-0.0021920990489619984,-0.0004943997917139385,1.0,188.0
-1.0503738343571685,-1.0477208305949797,-1.0505278002841516,-0.0028343046311066797,1.0416015972084829,1.0451471144186282,-0.0039075028469870675,-0.0030480117011441707,1.0422969417751826,-0.0034954801801276797,-1.0504850917531074,-0.00395215490182608,1.0413223717251667,1.0456026565362162,-0.003593661057048661,-1.0493725182349274,-0.00358862821924887,1.0416168452503167,-1.0480578808511911,-1.0487396801044977,-0.0005562858313764528,-1.0505900091918936,1.0439264858019977,1.0421052732861784,-0.0038208124724405067,-0.001420675152912247,1.0442825359819552,-1.0493264917241414,-0.0030328146211509774,-0.0008228837836003827,1.0,199.0
-1.0500977644018594,-1.0470732680374626,-1.0503953854036996,-0.0010845758853911171,1.0410192628587298,1.044912438813624,-0.00290379264992678,-0.0011869589497976577,1.0412580203308084,-0.002541498312383105,-1.0503407454422147,-0.0028600863048711435,1.0410314076677636,1.0448102955495424,-0.0023322315406643984,-1.0492382689158954,-0.0023392480540643983,1.0411038954997027,-1.0478284249027192,-1.048349437651929,-0.0002532610138622815,-1.0503197537570566,1.0433659923568177,1.0412678351184521,-0.0026004429294095564,-0.0005773367626944031,1.043952247429659,-1.0489950872651603,-0.0019991834796673244,-0.0003987801173513998,1.0,116.0
-1.0494599115483008,-1.0476347492419182,-1.0496406095937816,-0.001349480386231983,1.0414903416715033,1.0446972776745618,-0.0032981905328748275,-0.0014337633233601097,1.0419003574884957,-0.0031388368426531737,-1.0495934205998405,-0.0033723166211387006,1.0414037656012078,1.0453586144584042,-0.0027466165851098077,-1.048823663644349,-0.0027369337077517188,1.0414997436310491,-1.0478697837589472,-1.0481247486559193,-0.0003451977827065238,-1.0495128993052423,1.0433222400116495,1.0419365937402436,-0.003083146613435631,-0.0009076824985358573,1.0438788370082102,-1.0487556724725116,-0.0024002781793704855,-0.00048197785190447694,1.0,66.0
-1.0507648398322924,-1.0478218247364535,-1.0509429882144068,-0.0019210726089882457,1.039983884504111,1.0442540424266047,-0.003290383364337991,-0.0018323380642489252,1.040585985573179,-0.0030204569281079333,-1.0508661661063767,-0.0033477406000057305,1.039473206899179,1.0450199544569791,-0.0028403417300013555,-1.0496444090384471,-0.002839596227568316,1.039853045690144,-1.0485608858804625,-1.0487450132069014,-0.00035182554493706346,-1.0507982552394657,1.0429618464797872,1.0404384770415265,-0.0031041423961989775,-0.000940432686176409,1.0439737321162685,-1.0494212894572577,-0.002386597142899643,-0.0005221534948367574,1.0,18.0
-1.050460524387709,-1.0474099704937052,-1.050452000994456,-0.0021818013010486068,1.04111600838963,1.0444671256861928,-0.0039640204436028744,-0.0017276579986681723,1.0414006521457826,-0.0037406077946469207,-1.0504666211163054,-0.003961121986209195,1.040909064197053,1.0451949872488866,-0.003189673228894832,-1.049344292131248,-0.003178701893648955,1.0409886150685412,-1.0480404235236822,-1.0486390369514005,-0.00037000097425588066,-1.0504341071394543,1.0429961771746985,1.0414847728795935,-0.00369875799519658,-0.000918733395317053,1.0442379869401142,-1.0492132174479087,-0.00297951914842184,-0.0005725414817175521,1.0,132.0
-1.050355146758838,-1.047550256552996,-1.0504681892869463,-0.0016283261211323585,1.039460555965764,1.0442125787291974,-0.003239285619255022,-0.0013971413837223308,1.0403272953350542,-0.0028614673466008417,-1.050460505334356,-0.003301895290638239,1.0394988413818367,1.0439969129902127,-0.0026806022362069392,-1.0492968753933982,-0.002674421648477675,1.0395776022316805,-1.0484833749474904,-1.0483616854740634,-0.0003070032401987582,-1.0504161070170404,1.0426372158065218,1.04032465354707,-0.0030589029741397633,-0.0007227069837290707,1.0432548333172778,-1.0490656940538154,-0.002502020725783929,-0.0004394698626575999,1.0,29.0
-1.0499371165548161,-1.047280284107147,-1.0499395524669017,-0.0019213133376993295,1.0411457208272965,1.0446020389521877,-0.004781518876530971,-0.002006939718798717,1.0415853320396753,-0.003196427053264393,-1.0499483231774944,-0.004680770849088279,1.0409438932145205,1.04532738176555,-0.0037394315563811036,-1.0489668951380904,-0.0037182578336646026,1.041040628349392,-1.0478443864429474,-1.0483387194734144,-0.00039751216639269507,-1.0499019007617232,1.0432273033700252,1.0414212079816536,-0.004365973814358086,-0.0010451727592798814,1.0437845165102944,-1.048828512605652,-0.0037027141914859766,-0.000585236165343884,1.0,78.0
-1.0504174312262735,-1.0474393934907982,-1.0505643215133864,-0.0012211195363168365,1.0414099917411301,1.0445136793036751,-0.002721525434326804,-0.0012191947755194488,1.0418547558898492,-0.002190644787528475,-1.0504615882434032,-0.0026510611096009573,1.0414045469125526,1.0450434572638647,-0.0022216395883476814,-1.0494480821273102,-0.0022300522452349714,1.041386954173076,-1.047939509389182,-1.048646363994781,-0.00026207944542911506,-1.0504536775681423,1.043402464918793,1.0417119919566515,-0.0024200958142156495,-0.0007390915551165549,1.0434638030121761,-1.0491462915589136,-0.0018071154588896212,-0.00038271515988879393,1.0,74.0
-1.0501488420515543,-1.047329356032391,-1.0501292034194347,-0.0024325595460002996,1.0422125403201459,1.0451087175970681,-0.0044540067937787415,-0.0019849025005736574,1.0423557993236352,-0.004104375967630096,-1.0501461014226625,-0.004482777343461426,1.0422330941617657,1.0448498665299795,-0.003763509969102193,-1.0492748136033114,-0.003771085101810341,1.0422542361620364,-1.0484048391348635,-1.048556220996014,-0.00043358322528980095,-1.0500451251071297,1.044084970363693,1.042501233435574,-0.004226486961481997,-0.001171206771009454,1.0442279720942935,-1.0490727358308958,-0.004019108258159262,-0.0006685357347119817,1.0,119.0
-1.0504063554166385,-1.0474294949153415,-1.0506207301019443,-0.0013193502876083503,1.041383014391156,1.044910389516609,-0.002342047954655672,-0.0014001907601479155,1.0417624271236257,-0.0020994179121265402,-1.0505605919750367,-0.0022897999333510327,1.0412207788499794,1.0446039160020757,-0.0020144635912159874,-1.0493205536929298,-0.002003583314314837,1.0412427032556728,-1.0479884401967685,-1.0483030383176417,-0.00028151596192911284,-1.0506738895588423,1.0437515603525556,1.041795636743457,-0.002142835896503937,-0.0006634900828916208,1.0443485064980422,-1.0492158373038178,-0.0017312773995753735,-0.0004100720344993539,1.0,42.0
-1.0506515558005953,-1.047799123325725,-1.0507732494944002,-0.0016330492496656652,1.041620705449743,1.0450224699191557,-0.003530898209768059,-0.001576033043127818,1.0421517493116794,-0.0027445602752028306,-1.0506771320179547,-0.0034465017743298396,1.0416423657966742,1.045385439239625,-0.002861267994398258,-1.049501535551517,-0.0028628363512179845,1.0415718266551974,-1.048311122338735,-1.0486509518797262,-0.00034116567190443545,-1.0506875793365609,1.0441600987194197,1.0419447965395534,-0.003166493225730079,-0.0008959038796397159,1.0441359053738004,-1.0493193668835932,-0.0025323873700294286,-0.0005422665122482048,1.0,33.0
-1.0504557569409831,-1.0473639993766826,-1.0506564964064973,-0.000810734522141998,1.0413638856464533,1.0450383419920157,-0.0024392493566737167,-0.001095896686599427,1.0417904592437515,-0.0021866571019913397,-1.050498988199168,-0.0024687747608194955,1.0412260904487887,1.045600736775035,-0.0020338845701844167,-1.0493007956612825,-0.0020232256225652394,1.0413750887548432,-1.0486508094812292,-1.0484299595816644,-0.0002321834997272128,-1.050418846774059,1.0437657311057922,1.0418477458409428,-0.0022631678805980844,-0.0005760896327423003,1.0441731861402228,-1.0490820324585544,-0.0018381678473919562,-0.0003582426014319142,1.0,28.0
-1.0503560141189947,-1.0475612228998301,-1.0506446955632744,-0.0015833056607277658,1.0407700229931955,1.044824615918152,-0.0035676692972640175,-0.0016095257203773104,1.0413650301835622,-0.0032287667322158375,-1.050500733142736,-0.0035850714788644386,1.0404653418342273,1.044837353223496,-0.0029077779881125808,-1.0492926458155727,-0.0028962952025732296,1.0406659079396994,-1.048373851225425,-1.048397501421468,-0.0003317441868819139,-1.0504324167218955,1.043533505745436,1.041192216463222,-0.0032766404012868713,-0.0007775302406061494,1.0443513127165815,-1.0490568478387978,-0.0028334465598246943,-0.00047397161475028654,1.0,52.0
-1.0509796609403081,-1.0474747669353708,-1.0513011487558117,-0.002174217718835817,1.0418660455988311,1.0452629130076314,-0.004056966163851716,-0.001929056005048079,1.0424029261155914,-0.003584038268852098,-1.0510544943768503,-0.00402953174510281,1.0418429446893926,1.0453546970374386,-0.0032816139321609856,-1.0496863360982873,-0.00328427048177516,1.041810159717184,-1.0486456565576174,-1.0486431182017575,-0.00039552930273400647,-1.0510683822003901,1.044297991587942,1.042133601983396,-0.003769938069321076,-0.0009448123581031421,1.045282086176777,-1.0493423762895395,-0.002955622181692214,-0.0005741684896658347,1.0,121.0
-1.0507657138844195,-1.0476905315988085,-1.050800206170923,-0.00067040839564682,1.0411605811281066,1.0445600724196784,-0.0025076336765785675,-0.0008538189914143022,1.0417050224232443,-0.001994216429400534,-1.050718160304802,-0.0024459719266008875,1.041107954898683,1.044782822834589,-0.0019267515163265518,-1.049501883122848,-0.0019149419796021237,1.041111581626605,-1.0485912855065673,-1.0486298777503125,-0.0002261270707209443,-1.0506341658841811,1.0431918119372843,1.0415023391829914,-0.0022389206227592536,-0.0004955807060983836,1.0470094706054276,-1.0493460839035265,-0.001353071758323422,-0.0003325665511580298,1.0,115.0
-1.0500577666301187,-1.0473752248891177,-1.050154771724063,-0.0009944924331876318,1.0412151843479007,1.0446268910867225,-0.0027526833917045452,-0.001266550189332676,1.0414277483054022,-0.0024037155479008066,-1.0501578379422507,-0.002755712672681338,1.0412652285078325,1.0447686729704215,-0.0023256534976519375,-1.049110365500315,-0.0023273084186138356,1.0412256470119836,-1.0480490923629888,-1.0483434025613823,-0.0002959585601988589,-1.050103513346294,1.043257594894319,1.0415532231904954,-0.0025309858984603004,-0.0007880569843298531,1.0439326021098578,-1.0488477827020397,-0.0026643905623925245,-0.0004497575693826061,1.0,163.0
-1.0507373457100564,-1.0474115559916934,-1.0508834782726315,-0.002092162687748068,1.042321890281376,1.0452655781070852,-0.003675191964377744,-0.0018332100465102048,1.04280885552006,-0.00318926374405724,-1.0508049169993292,-0.0036978938685052784,1.0423094810839462,1.0456684052982481,-0.0031473029643641318,-1.0495856783350548,-0.0031515623909302718,1.0422851043866055,-1.0487919167577415,-1.0486564967132879,-0.00043562271858193754,-1.050732146588628,1.0444881122573157,1.0426223360076656,-0.003463483500325937,-0.0009902485218909853,1.0450052911045562,-1.0493410668232954,-0.003094181702722333,-0.0006993362195434743,1.0,58.0
-1.0513062072060364,-1.047625019764739,-1.0513600852274332,-0.0021390022511292945,1.0411249617177116,1.0446804425880538,-0.004382854773965201,-0.0019375681430162544,1.04166125382688,-0.003996155704340545,-1.0513623360487458,-0.004262205123498794,1.0408350032924178,1.045142838980342,-0.003545368176254359,-1.0498179034731525,-0.0035338653839260856,1.041035373318186,-1.0484084190324159,-1.0485584755523198,-0.0005703579447843987,-1.051447300753718,1.043764496181343,1.0417094681120687,-0.004003842417295054,-0.0012067119961939677,1.0453108649316958,-1.049438557377032,-0.0033480478803788716,-0.000972053614054145,1.0,25.0
-1.050300069657172,-1.0473931513230363,-1.0504068733762355,-0.0011878197886254554,1.0413671894224636,1.0450705548644905,-0.0032160758714310012,-0.0013182692211860373,1.0420225094075215,-0.002953177074456865,-1.0503616987434528,-0.0032450213231340116,1.041025562244601,1.0448725683440394,-0.0026468886554020903,-1.0494920061123405,-0.002628270125205774,1.0413559267061205,-1.0487520465919067,-1.0484867068100725,-0.0003175358216617355,-1.0502699188916855,1.0440202710293724,1.04179536767234,-0.002976212522362372,-0.0007326910152684365,1.0443234315002585,-1.0493687198605974,-0.0020508943567991954,-0.0005203366570482048,1.0,114.0
-1.0502811888618053,-1.0479520927251418,-1.0504045167564562,-0.0016497103217256196,1.041611210687661,1.0446641551761402,-0.003098682769981871,-0.0014649246553935032,1.0421097630239755,-0.0027648191398624983,-1.0504554174254181,-0.0031543156663241282,1.041379265524062,1.045435192331059,-0.002644255398187154,-1.0494339358656715,-0.0026263976311713066,1.041542827866484,-1.0484076233843806,-1.0488152136029478,-0.00031973422999463983,-1.050330123265477,1.0434801518917776,1.042063620128309,-0.0029608751037166117,-0.0008180268071373289,1.0439607765880312,-1.0491705040975647,-0.0021302444361374832,-0.0004385951504423012,1.0,166.0
-1.0509137755186968,-1.0476684242334484,-1.0509517249099631,-0.0017257609588556962,1.0425942996336321,1.045368117557314,-0.003419789927050223,-0.0015104878959409007,1.0430428580440076,-0.003037258244474364,-1.0509002533263077,-0.0033764334546012367,1.042594321397481,1.0458096410030036,-0.0026645997474651277,-1.0496199359456886,-0.0026543682445853245,1.04260409533243,-1.0484321165524093,-1.04859485118929,-0.00031513095343695173,-1.0509772700784759,1.0446698649523647,1.0429891065334915,-0.003032544039066365,-0.0008297054647436655,1.0451161697879532,-1.049357636998622,-0.002628645080805885,-0.0004497088782586864,1.0,31.0
-1.051014032650127,-1.0472921106665325,-1.051013436177503,-0.0008996799764565458,1.041448381885771,1.0448146835215755,-0.0018789307360344018,-0.0009672135831694962,1.041871287349378,-0.0016091426418801639,-1.050883023460857,-0.0019464347242217595,1.0412872737488508,1.0445781015826887,-0.0017033806029158756,-1.0495311279009665,-0.0016912544845298317,1.041314012979774,-1.0482242243490836,-1.0486383889177096,-0.00022063206001846783,-1.0508509471214225,1.0435443806788873,1.041896218275,-0.001790132654358136,-0.0004822253587724314,1.0443461630910646,-1.049267374028265,-0.00134739957106277,-0.00031636129165577644,1.0,44.0
-1.050000767450393,-1.0474695783277932,-1.050172145539308,-0.0022780821908877677,1.04209795764384,1.045149497378276,-0.0035959145657873236,-0.0020755534799516725,1.0423519671010972,-0.0033191504974851077,-1.0502051905633432,-0.0036534420717926923,1.0420888899502663,1.0451980722379086,-0.003301187662842182,-1.0492384720774777,-0.0033126277346928403,1.0421642158124071,-1.048712328943267,-1.0483911355511693,-0.0004280094741447799,-1.0502415825469842,1.0441223564308273,1.0424078722461922,-0.003479590772387984,-0.001016391716626298,1.0447736975349238,-1.0490683733709503,-0.00281335403757883,-0.0006777992251450327,1.0,169.0
-1.0506067088557196,-1.048067418043001,-1.0506851511534354,-0.0012743050941678082,1.0415233325852375,1.0449282235919195,-0.0030725378204075997,-0.0012067260419012444,1.0417959945402033,-0.002795504679026328,-1.0506168374122034,-0.0030541174242247116,1.0414961930462718,1.0449389767537705,-0.002534525694478076,-1.0495437071443865,-0.0025370636045636517,1.041441457090412,-1.0487077687403565,-1.0490596656978504,-0.0002631722699954133,-1.0505754000038405,1.0438358894291286,1.0418744366940695,-0.002825811644708446,-0.0006276590143923558,1.0444144054746032,-1.0493326077149994,-0.002267814113038809,-0.0003988892225650619,1.0,129.0
-1.0507130424626157,-1.0478460982612072,-1.0506605266165159,-0.0017777439869018047,1.0412160962255257,1.0449645454737124,-0.002888709923756349,-0.0014959299547453338,1.0416817569780399,-0.0024873757946661684,-1.0506731080110876,-0.002880140265671403,1.0408573446487854,1.0451844805069024,-0.002451122199681626,-1.0495557777045514,-0.0024483954649722603,1.0411507440760592,-1.0484130084897265,-1.048823025722392,-0.0002975648042168287,-1.0506204998568682,1.0437097439241945,1.0416080102405871,-0.0026757103819442752,-0.0006763295359506825,1.043962900244336,-1.0492444087624153,-0.002611343482795562,-0.0004016317373716371,1.0,189.0
-1.0508313963815004,-1.0473062490168095,-1.0507366148084387,-0.003662108774327216,1.0418910242198838,1.045014489507466,-0.007156822464501807,-0.002914527505663895,1.042174852853516,-0.006545810325356036,-1.0506994000083345,-0.0070246034823895085,1.0418543806315872,1.0448568942937866,-0.0055148998173576175,-1.0495757207509817,-0.005513073202288947,1.0418186944394474,-1.0487279063008539,-1.0484910661353826,-0.0005848761576238817,-1.0507467759764617,1.0438312654315787,1.0421359650610353,-0.006669383553131636,-0.0014751878178343172,1.0450793960954945,-1.0493607123434923,-0.005048653589971858,-0.0008826927906743224,1.0,150.0
-1.050049460186062,-1.0471646233726197,-1.0502616575776569,-0.002054179271931872,1.0416823268678779,1.045165009434254,-0.0037860858624926613,-0.0015701470991916,1.0422165917118602,-0.0033629107555093705,-1.0502148682433732,-0.003701813193412238,1.0414961782009378,1.045578226465156,-0.0030645754835147117,-1.0491888875331534,-0.0030743641494263845,1.0415562869118502,-1.0484699030508238,-1.0483980698657351,-0.0003546827804126901,-1.0502686301077329,1.0441907713731446,1.0421513916026455,-0.0034042263768386104,-0.0009171964272641979,1.0446340724651886,-1.0490505441375793,-0.002340900132959145,-0.0005165113067696239,1.0,94.0
-1.0496320900590457,-1.0474624619260156,-1.049820241407698,-0.001881244870142374,1.0416744145916192,1.0448039196598784,-0.00363825694716564,-0.0015234336328707211,1.041919271135016,-0.0032904568045238184,-1.0498147466505374,-0.0035993579209239496,1.0415339764965257,1.0452537162241937,-0.003045041647704963,-1.049028767468934,-0.0030446036205500466,1.0416498614057317,-1.0478186921165762,-1.0481472643746166,-0.00033676382569170854,-1.0497960572482599,1.0438024615648211,1.041907613811611,-0.0033618236386500186,-0.0008139675155337998,1.0441707058959466,-1.0488043749322016,-0.002466793880545186,-0.0004966183054834786,1.0,99.0
-1.0514367946433447,-1.0475377880337677,-1.0518866863996827,-0.0021318736468311935,1.0420833597877686,1.0450645535791765,-0.004080451683535772,-0.0020637258208884533,1.0424946234394097,-0.003750034605016566,-1.0515956870060397,-0.0039514400364625574,1.0419778413906038,1.0452026710952436,-0.0032995923809282473,-1.0501966825290467,-0.0032885499156235305,1.0420963024494243,-1.049408704611039,-1.0491567046036527,-0.00046846811423076416,-1.0514554815690251,1.0437202566910693,1.0422871074176887,-0.0037613432772478955,-0.001131964799621137,1.0447348671735388,-1.0500125596994359,-0.0031845344556530922,-0.0005680601475224316,1.0,47.0
-1.05089122316705,-1.047884730128033,-1.0509124315460234,-0.002246728846267623,1.0404062354658596,1.0445112366044416,-0.0050039263312794255,-0.0021802948544041986,1.0407382962995895,-0.004670025519064332,-1.0508906781677572,-0.0049642997901194535,1.0402155377524478,1.0447544393629684,-0.004022433605457158,-1.0496924357931114,-0.004012569835677515,1.0403431105162277,-1.0482035391395186,-1.0489060126171084,-0.0004365267603289252,-1.05092672871319,1.042845108598958,1.0406554536890704,-0.004821547429550647,-0.0011062601764647247,1.0436746520828006,-1.0494332534984292,-0.0037666045632133945,-0.0006464396142166043,1.0,73.0
-1.0499888130006527,-1.0479247325727297,-1.0501913592518732,-0.0018019109427227446,1.0403138836010217,1.044255840491911,-0.003447161939128946,-0.0014484603162161897,1.0407771009383058,-0.0028270934661380953,-1.0501793626348643,-0.0034334356938404125,1.0399966695762475,1.044183114285892,-0.002744477427994777,-1.0492715923017546,-0.0027472851068748075,1.040144427898792,-1.047897693412597,-1.0483423693559535,-0.0003038093910101827,-1.0501255506146212,1.0425501574279818,1.040651027992279,-0.0031097130328988057,-0.0007362851714123713,1.0434461830354396,-1.0491294030955418,-0.0024309570859294524,-0.0004665195251279961,1.0,82.0
-1.0498175676855732,-1.0475040957561321,-1.0501305382228152,-0.0029801390294071236,1.041664137703971,1.0449462042667597,-0.0054607977900411175,-0.002226397913157875,1.041986844973586,-0.004830575859428412,-1.0500043732348585,-0.005410287567718598,1.0414961565173555,1.045336008238255,-0.004420143603131541,-1.0490529959897072,-0.0044337648490709,1.0415860289000343,-1.0481749162346436,-1.0484927599631821,-0.0004711086985175877,-1.049898779696032,1.0439877486263063,1.0420415939473493,-0.004940783510797431,-0.0011789099121486,1.0441772448678883,-1.048849523830455,-0.004802242835080919,-0.0007094876990183067,1.0,79.0
-1.0509881415557505,-1.0475148862699284,-1.0512830394153247,-0.0010353219549479515,1.0422686369489538,1.045295516459912,-0.0032369983709401432,-0.0013717496269358427,1.0428101421655138,-0.003024051509361327,-1.0510355970210452,-0.003169819601779241,1.0420842868747076,1.0454762864887177,-0.002572747789950012,-1.0497165970646956,-0.0025598476825538815,1.0421793163011859,-1.048409926677166,-1.0485298615944825,-0.0003049118537627791,-1.051004109380626,1.0443734107864882,1.0427726130209924,-0.0030065071914696594,-0.0007134676593151838,1.045127198321013,-1.049310647129994,-0.0022623644838665863,-0.00041088667171723897,1.0,84.0
-1.0506333148025793,-1.0472920925212321,-1.0509617293573783,-0.0013729603139567776,1.041539717560392,1.0447904773728642,-0.0030361868620536526,-0.001478172397346994,1.0417763742308188,-0.00253300875276093,-1.0507567890717684,-0.0029833820127080166,1.0415562605001871,1.0448950234633525,-0.002569246652777797,-1.0494271649330849,-0.0025574878981842186,1.0414844005373234,-1.048123966331771,-1.0485870715537307,-0.00029392349246728833,-1.0507985424964634,1.0430885712469002,1.0418861923948437,-0.0027714978340731456,-0.0007622557601451863,1.0436228424247718,-1.0492071757940236,-0.0025115698666449433,-0.0004370130778295981,1.0,104.0
-1.0512832401868606,-1.047512943109731,-1.0517210185859525,-0.002321252436045354,1.0417622417674068,1.0450652782684624,-0.004992991388530062,-0.0019789584138923764,1.0421360587443482,-0.003981748960436849,-1.0514340700868614,-0.005030739096173979,1.0416728633544885,1.0450271259779624,-0.003930393861174874,-1.0500128332222904,-0.003916513029036334,1.041744373293125,-1.0489156582607237,-1.0489942807295074,-0.0004740535132296613,-1.0514639950741829,1.0438943610483324,1.0420277383664356,-0.004676141291839322,-0.001097649717086472,1.044238259003995,-1.0497983830358921,-0.004938170506993039,-0.0006251335399929946,1.0,124.0
-1.0505342165314944,-1.0473320755594193,-1.0506594479908486,-0.001818075078162795,1.041432206763691,1.0448388789083909,-0.0031099385684525476,-0.0015404770922178078,1.0418184091225318,-0.002666521783132614,-1.050655030760809,-0.0031563849980971418,1.041464388074322,1.044629368452806,-0.00268496571758693,-1.0494574554832121,-0.002689611596157625,1.041414902591676,-1.0482619180451536,-1.0485381345814537,-0.0002918486979557682,-1.0507292696611144,1.0435003775449871,1.041676421017942,-0.0029849642947283217,-0.0007212305094710886,1.0437105735212147,-1.0492100263587079,-0.0025565366867547866,-0.00042134070544464733,1.0,185.0
-1.050342356991796,-1.0477727542450013,-1.0506137116150747,-0.0018732831528746705,1.0423348718316656,1.0452642286202942,-0.003990577234699691,-0.001723655606650165,1.0428383225497853,-0.0036535967330792777,-1.05045835744792,-0.003994713712743454,1.042232566221349,1.0457463241203027,-0.003237777199963194,-1.0493883644719935,-0.003236395910964378,1.0422252226777176,-1.0482684819329353,-1.048813373604273,-0.00037094956436944655,-1.0503426675528145,1.0444285894668095,1.0427357810169664,-0.003656358115823826,-0.0008919573156334897,1.045215894474401,-1.0492339981799645,-0.003164046616110084,-0.0005405998168394204,1.0,70.0
-1.0503696339313375,-1.047954437760318,-1.0508295533476282,-0.0014732727661629181,1.0426688270052922,1.0452378127378938,-0.0032673739091793447,-0.0014712732804359869,1.0431079689886342,-0.002896326281665102,-1.0506047915650485,-0.0031817656401222877,1.0426440957963692,1.045890853466782,-0.002803642250507634,-1.0493930457674336,-0.0028002225430678943,1.0427301712082722,-1.0481733956533996,-1.0483809036378209,-0.00031956712560989167,-1.050668591868393,1.0445499435824983,1.042962462311662,-0.0030096316946767896,-0.0007717377117233547,1.045057381899839,-1.0490717232581201,-0.002599466742275993,-0.00047248224710637636,1.0,191.0
-1.0502764203804946,-1.0473745838882083,-1.050693696661402,-0.0021644582124320678,1.0388555936280015,1.0439561754398747,-0.003967369686891341,-0.0020810285960716573,1.0399193670877045,-0.003475773299760586,-1.0504854677077755,-0.003954204644093405,1.0381232936515008,1.0441033201278584,-0.0032896593540382183,-1.0492591520402161,-0.0032895303219524917,1.0385539296023494,-1.04785258671436,-1.0484017625403677,-0.00042001864156933084,-1.0504464702448848,1.0419621793555154,1.039794245205255,-0.003662679781366698,-0.0011016561644824378,1.0432949633705548,-1.0490520088313477,-0.0030252995467898265,-0.0006129801197106311,1.0,8.0
-1.0514593095188163,-1.047545885874174,-1.0517706586826134,-0.0010666006789169526,1.0420076554420823,1.0451952889448402,-0.0026704656747262184,-0.0011900515565867872,1.0424627344670394,-0.00233480848011316,-1.0515582404958632,-0.002653539594408804,1.0419137313183546,1.0447493605525415,-0.0022188945336009793,-1.050243584615634,-0.002208863390671231,1.0419679133067727,-1.0493865376169003,-1.0491043387367953,-0.0002404598376427739,-1.0515656284989956,1.0440209913707752,1.0423949431830035,-0.002450188218300155,-0.0005836965984730511,1.0443936440631718,-1.049948369231868,-0.0017790214166216564,-0.00035856500710022154,1.0,198.0
-1.0505395201222127,-1.0477157763742964,-1.050546363224983,-0.0015708236338358,1.042167658860555,1.04492885790425,-0.0031836394565349802,-0.0015610523036800072,1.042566141193384,-0.0028438502775728807,-1.0505510885908942,-0.0031454001095096193,1.0420935528516715,1.0452629980825199,-0.002635413778284618,-1.0494908731659685,-0.002629163478729167,1.0422266592174945,-1.0486091240196904,-1.0484420173729196,-0.00030851400646643835,-1.050586415014842,1.0438635189728938,1.0423868802271248,-0.0029292704413757657,-0.0008032040203391738,1.0445224179456016,-1.049194807667271,-0.0021574174023552494,-0.0004660547493685085,1.0,64.0
-1.0498105586840087,-1.047545193929865,-1.0500331698182863,-0.001873169748195438,1.04036599140207,1.0447259362598975,-0.0036995931485688444,-0.001587570641924743,1.0410628823619348,-0.0031444767416622874,-1.0499463396478932,-0.0037311951029241255,1.039961868906912,1.044475271596226,-0.00305824728314343,-1.0490024462679317,-0.0030572450977734695,1.0401633522489833,-1.047822001560106,-1.0482073326143593,-0.00035217363108278407,-1.0498294953433738,1.0434016846198586,1.0408040202667275,-0.0034518552343947985,-0.000918053869336694,1.0440046035881165,-1.0488130448790594,-0.003069306866135992,-0.0005414323804801635,1.0,91.0
-1.0511763477812783,-1.0473117753203272,-1.05144569277022,-0.0019846302632476527,1.041180808317264,1.0446268430472183,-0.0036141682482897144,-0.0018285660013841582,1.0413616372083008,-0.002921428729876539,-1.0511716284510282,-0.003536377041555148,1.0410245553112891,1.0451521514840565,-0.002928173842883587,-1.0497276382350051,-0.0029194813332674876,1.0411129498918519,-1.0484692466863725,-1.048679095813329,-0.0003802114959059581,-1.0510969423793117,1.0429654616432351,1.0414523993028661,-0.003248235080719152,-0.001017103211161539,1.044063275838463,-1.0493686483550653,-0.0024587315807141053,-0.000536274542508826,1.0,60.0
-1.0507321960201674,-1.0475602910196204,-1.0512269486034809,-0.002684617939078531,1.0422448844420442,1.045155850487448,-0.004919886319578094,-0.0022929142284465165,1.042715831191299,-0.004634677983759441,-1.0509552207015707,-0.004957246104254913,1.042057952341326,1.0451009408959804,-0.004101126600467498,-1.0497861532309716,-0.00410830400077958,1.04209372173169,-1.0485065436739445,-1.048628827668096,-0.0004846514828989722,-1.050969854302996,1.043835960496417,1.0426104827932245,-0.004761173345274698,-0.0012635824367957836,1.0447967891047838,-1.04949951130567,-0.004502992813330673,-0.0007708754002603836,1.0,158.0
-1.050477674705296,-1.0474922364105659,-1.0506305474979714,-0.0007204520403421583,1.0392270245707986,1.0441621021124166,-0.0021439682515703527,-0.0010496997522703717,1.0399306355896865,-0.0017438708177951422,-1.0505113934409236,-0.0021749726232063176,1.0391497716652214,1.0438283177597358,-0.002025767741657131,-1.0493201524546436,-0.0020269144042725016,1.039192155442394,-1.0481654801212537,-1.0484431103106413,-0.00024837728560237035,-1.050558625744915,1.042405655623956,1.0399354368883225,-0.0021589259906051486,-0.0005956543763496041,1.0429766736237656,-1.0490516411798088,-0.0013412247446768055,-0.00034194486801009344,1.0,156.0
-1.051278341153587,-1.0479759593668638,-1.0512774839382961,-0.0015198604464883218,1.0419805545384582,1.0449731074651685,-0.004102423704927064,-0.0017244349818438967,1.042380648334028,-0.0025387288097327323,-1.0512071470644964,-0.004116066385214387,1.0419964871461773,1.044984848880996,-0.0032727114053834852,-1.049856864642309,-0.003264633268639952,1.041825207303097,-1.0491549425906388,-1.048715597495135,-0.00037762830715493964,-1.0513341649269914,1.0440834937371986,1.0423880460157693,-0.0037616913064375595,-0.000958991459416941,1.0447462648382244,-1.0496243932031464,-0.0031745897948550752,-0.0005538274504991369,1.0,144.0
-1.0506196386983773,-1.0476796494837928,-1.050924369889257,-0.0013134861881456195,1.0409743195827132,1.044794564008138,-0.0032138303595584026,-0.0014661368798975472,1.0413487217282178,-0.0027496214825531843,-1.0507290583585074,-0.0031531295158526216,1.040650992106031,1.0446053613936819,-0.002584408434374334,-1.049651388490833,-0.0025844308755607,1.040790550362213,-1.0483581921809109,-1.048719423294117,-0.0002923344439966826,-1.0505936244611995,1.0437412190821762,1.0415110963638452,-0.002875424264096489,-0.0007412955444498108,1.044371157978474,-1.0493103582927548,-0.002578430631334823,-0.0004465976159221674,1.0,22.0
-1.051122421918418,-1.0472923266700842,-1.0511471013429134,-0.0019180188884633557,1.0414166199009876,1.044802574240936,-0.004127021549572392,-0.0018423606862105091,1.0418595893521518,-0.003622353553939067,-1.0510946855085024,-0.004094255634392967,1.041355444941418,1.0450217041399381,-0.0033988948157315066,-1.0496935799270266,-0.003399096040290438,1.0414066460516427,-1.0486515811444734,-1.0488139004545314,-0.0004794882839724342,-1.0511029215096177,1.043523999586846,1.0418779958077398,-0.003784551702551864,-0.0011380931467748915,1.0437279395148862,-1.0494676794614244,-0.003975647736278908,-0.0007706597397411333,1.0,11.0
-1.0508722476227166,-1.0478198089000348,-1.0509819121185735,-0.0018952193618097081,1.0402173218193103,1.0445725741513932,-0.003913252990684073,-0.0022245742323389016,1.0406673875014625,-0.0035302430572637378,-1.0509801289417857,-0.0038975571899056436,1.0400871501803453,1.044466713708044,-0.003423135768540939,-1.0496598282385836,-0.003415574754654466,1.040106915514565,-1.0482482412345704,-1.0486302718881981,-0.0004452024869624082,-1.0509050817001881,1.0429078040386413,1.0406117752618813,-0.0036487857278236623,-0.0011364519373381035,1.0438118400344347,-1.0494887543773652,-0.002753986889027538,-0.0006557002033871311,1.0,16.0
-1.0514223487090333,-1.0480348105260953,-1.0514820622150325,-0.0010886060881490354,1.0422955220878578,1.0450573440902773,-0.002202165836107818,-0.0010371377518573483,1.042725024163873,-0.002165149540192628,-1.0513421672844625,-0.0022520887459642138,1.0422988107104791,1.0456751830340418,-0.0019389855912145437,-1.049967374114957,-0.001923094862337314,1.0422443525394292,-1.0492607741130047,-1.0491036070206412,-0.0002310197603059117,-1.051331129353962,1.044307402257155,1.0425340214086576,-0.0020940063547056557,-0.0005112833070611953,1.0445930249907405,-1.0496458558154627,-0.0020973246666738227,-0.0003551078643958276,1.0,40.0
-1.0510587409607783,-1.0477419844533604,-1.0513739616609525,-0.0021048526038558546,1.0413076295574595,1.0447269030098814,-0.003933373642709914,-0.001687214688637506,1.041786341168043,-0.0034698251119128823,-1.0511078479662468,-0.003791160685496812,1.041268930381847,1.0445579303791834,-0.003104732293481314,-1.049912467899748,-0.0030930323964860566,1.0412945196731294,-1.0488592231190148,-1.048788121445375,-0.0003662905391583114,-1.0510908197362583,1.0430702860231642,1.0415566462996761,-0.0035232019471584763,-0.0009053084899208215,1.0448407882300255,-1.0496325951047796,-0.002988946173554245,-0.0005199208707469889,1.0,72.0
-1.0512247344965182,-1.0476962153158111,-1.0515183983479766,-0.0018766117796332723,1.0407123442271131,1.0444659785828518,-0.0029952788758390576,-0.001657350979425513,1.0411331537388693,-0.0029116265209639092,-1.0512876735548424,-0.0029912661307573236,1.0408244766166779,1.0449881719526006,-0.0027750322405377626,-1.049881237473044,-0.002783510664462661,1.040739771581802,-1.0484192190286263,-1.0488551609488166,-0.00037335493093204066,-1.051362243710617,1.0428918392931168,1.0411165010322132,-0.0028984724240684926,-0.0009132833640412417,1.0438183217251498,-1.0494737234164044,-0.002314557800779493,-0.000532376300430643,1.0,128.0
-1.0520151871454382,-1.0480279427399783,-1.0521829260974462,-0.0018233077513444714,1.041586013701303,1.0450193225467344,-0.0035614850045131525,-0.0017155085200469915,1.0421271086520776,-0.003144508339647531,-1.051952970631315,-0.003621298725169579,1.0415454075075852,1.0447154616489274,-0.003146538391188061,-1.0500964625850002,-0.0031424553632936492,1.0415502187429022,-1.0490204095168651,-1.0490381095673555,-0.000431931494963063,-1.0519133064344057,1.043800201234404,1.0419492007302027,-0.0034377462036454223,-0.0011529771657603268,1.0442717219885715,-1.049749506001171,-0.003106024776012916,-0.0006705362298420882,1.0,145.0
-1.051076494592444,-1.0480099110064254,-1.051068970211904,-0.001597590153721915,1.0412370025866753,1.0449975465436356,-0.002975850312781139,-0.0013426012681452347,1.0417839484973954,-0.002694404497722376,-1.0510245754993672,-0.0029783804911554367,1.0411443988343934,1.045239482834458,-0.0025183424387495677,-1.0498338380186234,-0.002501435584530201,1.041026076425987,-1.0484438453379543,-1.0487319648116862,-0.0002930548927607495,-1.0510048162358459,1.0433670362670238,1.0414899078349982,-0.0027504386467319206,-0.0006733678454239955,1.044569556287868,-1.0495361044305445,-0.0017920185539753632,-0.0004338644930894767,1.0,36.0
-1.050019805888346,-1.0476431699164195,-1.0502023559822367,-0.001022891969535211,1.0413387156220852,1.0447114851850303,-0.0029346254165842716,-0.001471619553151603,1.0417089665842425,-0.0023832894297507036,-1.0502243547187229,-0.002995725934554926,1.041283435291063,1.0450710322917809,-0.0024588388393736718,-1.0492859278139133,-0.0024484908650007214,1.0412279257715817,-1.04833715090159,-1.0484765885070815,-0.00027425087808338424,-1.0502470663372558,1.0433170202766664,1.0415524524295732,-0.002734184520892225,-0.0006820180202755697,1.045152457871508,-1.0492351858791666,-0.002512858318279034,-0.0004057016364162462,1.0,138.0
-1.0496273257412476,-1.0473920698662043,-1.0498178278676147,-0.0021317891391137854,1.0426021306809097,1.0454092224021665,-0.004692011974635376,-0.0020753131202873414,1.043073007600619,-0.00450334857701084,-1.049783013951182,-0.004757296725757835,1.042515018870122,1.0460891274008166,-0.003786265119849718,-1.0490161207148454,-0.0037842562018778627,1.0425389970860712,-1.0481441927204207,-1.0483608784603176,-0.00044182047092019276,-1.0496994430137097,1.0446010045505745,1.0430311849327492,-0.004434410236905365,-0.0010708705506667774,1.045120245274045,-1.0490807025893023,-0.004009542523684607,-0.0006697065499550296,1.0,95.0
-1.0501059262216659,-1.0475091469329907,-1.050421246973555,-0.001760683372264465,1.0409524681106612,1.0444187348434621,-0.003237953430531855,-0.0015759015502417298,1.0412381814854497,-0.0029653513414373183,-1.0502973804930102,-0.0032306258950661002,1.040901585889886,1.044514253716614,-0.002662974774044753,-1.049292067916898,-0.00265060873574862,1.040963850299501,-1.0481258389999737,-1.0485557427381962,-0.00030371915496671246,-1.0501847581096322,1.0424242551380467,1.041170862343511,-0.0029869494213651,-0.0007218410242126596,1.0446770868390807,-1.0491396939616597,-0.002191946260314664,-0.0004839583780430529,1.0,153.0
